 C22H10N2O5 Density=1.43 Thickness=0.1 microns
 Photon energy (eV), Transmission
    10.000      2.84222E-02
    10.080      2.70234E-02
    10.161      2.56671E-02
    10.243      2.43899E-02
    10.325      2.31511E-02
    10.408      2.19504E-02
    10.492      2.07885E-02
    10.576      1.96656E-02
    10.661      1.85817E-02
    10.747      1.74998E-02
    10.834      1.64590E-02
    10.921      1.53634E-02
    11.008      1.43160E-02
    11.097      1.33150E-02
    11.186      1.23632E-02
    11.276      1.14518E-02
    11.367      1.05889E-02
    11.458      9.77317E-03
    11.550      9.00382E-03
    11.643      8.27981E-03
    11.737      7.59959E-03
    11.831      6.95829E-03
    11.926      6.35840E-03
    12.022      5.85223E-03
    12.119      5.37972E-03
    12.216      4.93981E-03
    12.314      4.52829E-03
    12.413      4.14378E-03
    12.513      3.78524E-03
    12.614      3.44696E-03
    12.715      3.13285E-03
    12.817      2.84226E-03
    12.920      2.57369E-03
    13.024      2.32588E-03
    13.129      2.09775E-03
    13.234      1.88804E-03
    13.341      1.69576E-03
    13.448      1.57233E-03
    13.556      1.46029E-03
    13.665      1.36169E-03
    13.775      1.26926E-03
    13.886      1.17894E-03
    13.997      1.09381E-03
    14.110      1.01343E-03
    14.223      9.38031E-04
    14.337      8.67418E-04
    14.453      8.01338E-04
    14.569      7.47598E-04
    14.686      6.97700E-04
    14.804      6.64161E-04
    14.923      6.33349E-04
    15.043      6.03322E-04
    15.164      5.74413E-04
    15.286      5.46543E-04
    15.409      5.19760E-04
    15.533      4.89905E-04
    15.657      4.60884E-04
    15.783      4.31047E-04
    15.910      4.02346E-04
    16.038      3.78534E-04
    16.167      3.56075E-04
    16.297      3.44427E-04
    16.428      3.34033E-04
    16.560      3.23474E-04
    16.693      3.01847E-04
    16.827      2.40394E-04
    16.963      1.37144E-04
    17.099      1.18559E-04
    17.236      1.16764E-04
    17.375      1.14758E-04
    17.515      1.12548E-04
    17.655      1.10490E-04
    17.797      1.08266E-04
    17.940      1.07461E-04
    18.085      1.06624E-04
    18.230      1.05470E-04
    18.376      1.04000E-04
    18.524      1.02213E-04
    18.673      1.00115E-04
    18.823      9.93811E-05
    18.974      9.87391E-05
    19.127      1.00059E-04
    19.281      1.01716E-04
    19.436      1.03321E-04
    19.592      1.04856E-04
    19.749      1.07280E-04
    19.908      1.09883E-04
    20.068      1.13804E-04
    20.230      1.18086E-04
    20.392      1.25646E-04
    20.556      1.34317E-04
    20.721      1.45268E-04
    20.888      1.57381E-04
    21.056      1.70325E-04
    21.225      1.84147E-04
    21.396      1.99052E-04
    21.568      2.14991E-04
    21.741      2.32433E-04
    21.916      2.51161E-04
    22.092      2.71631E-04
    22.270      2.93620E-04
    22.449      3.17615E-04
    22.629      3.43391E-04
    22.811      3.71966E-04
    22.994      4.02816E-04
    23.179      4.43047E-04
    23.365      4.88695E-04
    23.553      5.38236E-04
    23.743      5.91918E-04
    23.934      6.51750E-04
    24.126      7.17104E-04
    24.320      7.90486E-04
    24.515      8.70907E-04
    24.712      9.58146E-04
    24.911      1.05262E-03
    25.111      1.15475E-03
    25.313      1.26502E-03
    25.517      1.38393E-03
    25.722      1.51197E-03
    25.929      1.65020E-03
    26.137      1.79888E-03
    26.347      1.96717E-03
    26.559      2.15114E-03
    26.772      2.34894E-03
    26.988      2.56129E-03
    27.204      2.79133E-03
    27.423      3.03864E-03
    27.644      3.30729E-03
    27.866      3.59614E-03
    28.090      3.90486E-03
    28.316      4.23437E-03
    28.543      4.58555E-03
    28.773      4.95937E-03
    29.004      5.35681E-03
    29.237      5.77882E-03
    29.472      6.22635E-03
    29.709      6.70036E-03
    29.948      7.21348E-03
    30.189      7.76093E-03
    30.431      8.33905E-03
    30.676      8.94919E-03
    30.922      9.59293E-03
    31.171      1.02711E-02
    31.422      1.09848E-02
    31.674      1.17349E-02
    31.929      1.25225E-02
    32.185      1.33484E-02
    32.444      1.42118E-02
    32.705      1.51144E-02
    32.968      1.60552E-02
    33.233      1.70365E-02
    33.500      1.80600E-02
    33.769      1.91266E-02
    34.041      2.02371E-02
    34.314      2.13922E-02
    34.590      2.25925E-02
    34.868      2.38388E-02
    35.149      2.51071E-02
    35.431      2.64093E-02
    35.716      2.77522E-02
    36.003      2.91383E-02
    36.292      3.06593E-02
    36.584      3.22780E-02
    36.878      3.39810E-02
    37.175      3.57581E-02
    37.474      3.74000E-02
    37.775      3.92971E-02
    38.078      4.12580E-02
    38.385      4.32835E-02
    38.693      4.53745E-02
    39.004      4.75315E-02
    39.318      4.98238E-02
    39.634      5.22235E-02
    39.952      5.47621E-02
    40.273      5.74130E-02
    40.597      6.01431E-02
    40.924      6.29524E-02
    41.253      6.58417E-02
    41.584      6.88107E-02
    41.918      7.18585E-02
    42.255      7.49850E-02
    42.595      7.81904E-02
    42.937      8.14741E-02
    43.283      8.48358E-02
    43.631      8.82749E-02
    43.981      9.17903E-02
    44.335      9.53815E-02
    44.691      9.90237E-02
    45.050      0.10272    
    45.413      0.10625    
    45.778      0.10968    
    46.146      0.11318    
    46.517      0.11675    
    46.890      0.12037    
    47.267      0.12406    
    47.647      0.12781    
    48.030      0.13161    
    48.416      0.13552    
    48.806      0.13953    
    49.198      0.14375    
    49.593      0.14811    
    49.992      0.15254    
    50.394      0.15703    
    50.799      0.16158    
    51.207      0.16619    
    51.619      0.17085    
    52.034      0.17557    
    52.452      0.18034    
    52.874      0.18516    
    53.299      0.18967    
    53.727      0.19397    
    54.159      0.19833    
    54.595      0.20276    
    55.033      0.20725    
    55.476      0.21178    
    55.922      0.21635    
    56.371      0.22096    
    56.824      0.22559    
    57.281      0.23026    
    57.742      0.23495    
    58.206      0.23968    
    58.674      0.24443    
    59.145      0.24922    
    59.621      0.25404    
    60.100      0.25888    
    60.583      0.26386    
    61.070      0.26896    
    61.561      0.27435    
    62.056      0.28001    
    62.555      0.28568    
    63.058      0.29138    
    63.565      0.29709    
    64.076      0.30283    
    64.591      0.30858    
    65.110      0.31435    
    65.633      0.32013    
    66.161      0.32593    
    66.693      0.33173    
    67.229      0.33754    
    67.769      0.34336    
    68.314      0.34918    
    68.863      0.35501    
    69.417      0.36085    
    69.975      0.36668    
    70.537      0.37251    
    71.104      0.37833    
    71.676      0.38416    
    72.252      0.38998    
    72.833      0.39579    
    73.418      0.40160    
    74.008      0.40740    
    74.603      0.41318    
    75.203      0.41896    
    75.807      0.42472    
    76.417      0.43047    
    77.031      0.43620    
    77.650      0.44192    
    78.274      0.44762    
    78.904      0.45331    
    79.538      0.45897    
    80.177      0.46462    
    80.822      0.47025    
    81.472      0.47586    
    82.126      0.48144    
    82.787      0.48701    
    83.452      0.49255    
    84.123      0.49806    
    84.799      0.50355    
    85.481      0.50901    
    86.168      0.51444    
    86.861      0.51984    
    87.559      0.52521    
    88.263      0.53054    
    88.972      0.53585    
    89.687      0.54113    
    90.408      0.54637    
    91.135      0.55158    
    91.868      0.55676    
    92.606      0.56190    
    93.351      0.56701    
    94.101      0.57209    
    94.857      0.57712    
    95.620      0.58212    
    96.389      0.58709    
    97.163      0.59201    
    97.944      0.59695    
    98.732      0.60192    
    99.525      0.60699    
    100.33      0.61220    
    101.13      0.61737    
    101.94      0.62250    
    102.76      0.62758    
    103.59      0.63261    
    104.42      0.63760    
    105.26      0.64254    
    106.11      0.64743    
    106.96      0.65227    
    107.82      0.65707    
    108.69      0.66182    
    109.56      0.66652    
    110.44      0.67117    
    111.33      0.67577    
    112.23      0.68033    
    113.13      0.68483    
    114.04      0.68929    
    114.95      0.69370    
    115.88      0.69806    
    116.81      0.70238    
    117.75      0.70664    
    118.69      0.71086    
    119.65      0.71503    
    120.61      0.71915    
    121.58      0.72323    
    122.56      0.72725    
    123.54      0.73123    
    124.54      0.73517    
    125.54      0.73905    
    126.55      0.74289    
    127.56      0.74669    
    128.59      0.75043    
    129.62      0.75413    
    130.66      0.75779    
    131.71      0.76141    
    132.77      0.76503    
    133.84      0.76868    
    134.92      0.77227    
    136.00      0.77577    
    137.09      0.77923    
    138.20      0.78265    
    139.31      0.78601    
    140.43      0.78934    
    141.56      0.79262    
    142.69      0.79585    
    143.84      0.79904    
    145.00      0.80219    
    146.16      0.80529    
    147.34      0.80835    
    148.52      0.81137    
    149.72      0.81435    
    150.92      0.81728    
    152.13      0.82017    
    153.36      0.82303    
    154.59      0.82584    
    155.83      0.82861    
    157.08      0.83134    
    158.35      0.83404    
    159.62      0.83669    
    160.90      0.83932    
    162.20      0.84191    
    163.50      0.84447    
    164.81      0.84700    
    166.14      0.84949    
    167.47      0.85195    
    168.82      0.85437    
    170.18      0.85675    
    171.55      0.85910    
    172.92      0.86141    
    174.31      0.86369    
    175.72      0.86593    
    177.13      0.86814    
    178.55      0.87031    
    179.99      0.87248    
    181.43      0.87468    
    182.89      0.87689    
    184.36      0.87922    
    185.84      0.88156    
    187.34      0.88400    
    188.84      0.88640    
    190.36      0.88875    
    191.89      0.89106    
    193.43      0.89332    
    194.99      0.89553    
    196.56      0.89771    
    198.14      0.89984    
    199.73      0.90193    
    201.34      0.90397    
    202.95      0.90598    
    204.59      0.90795    
    206.23      0.90988    
    207.89      0.91177    
    209.56      0.91362    
    211.24      0.91543    
    212.94      0.91721    
    214.65      0.91895    
    216.38      0.92066    
    218.12      0.92233    
    219.87      0.92396    
    221.64      0.92554    
    223.42      0.92708    
    225.22      0.92858    
    227.03      0.93006    
    228.85      0.93150    
    230.69      0.93292    
    232.55      0.93431    
    234.42      0.93567    
    236.30      0.93700    
    238.20      0.93829    
    240.11      0.93954    
    242.04      0.94072    
    243.99      0.94189    
    245.95      0.94306    
    247.93      0.94423    
    249.92      0.94548    
    251.93      0.94670    
    253.96      0.94790    
    256.00      0.94907    
    258.05      0.95021    
    260.13      0.95132    
    262.22      0.95242    
    264.33      0.95348    
    266.45      0.95452    
    268.59      0.95554    
    270.75      0.95654    
    272.93      0.95752    
    275.12      0.95847    
    277.34      0.95940    
    279.56      0.96032    
    281.81      0.96121    
    284.08      0.96209    
    286.36      0.59307    
    288.66      0.59859    
    290.98      0.60405    
    293.32      0.60947    
    295.68      0.61483    
    298.06      0.62015    
    300.45      0.62542    
    302.87      0.63064    
    305.30      0.63581    
    307.76      0.64093    
    310.23      0.64600    
    312.72      0.65102    
    315.24      0.65599    
    317.77      0.66092    
    320.33      0.66579    
    322.90      0.67061    
    325.50      0.67538    
    328.11      0.68010    
    330.75      0.68477    
    333.41      0.68938    
    336.09      0.69394    
    338.79      0.69845    
    341.52      0.70291    
    344.26      0.70732    
    347.03      0.71168    
    349.82      0.71598    
    352.63      0.72024    
    355.46      0.72444    
    358.32      0.72859    
    361.20      0.73269    
    364.11      0.73674    
    367.03      0.74075    
    369.98      0.74470    
    372.96      0.74860    
    375.96      0.75248    
    378.98      0.75654    
    382.02      0.76056    
    385.09      0.76466    
    388.19      0.76871    
    391.31      0.77271    
    394.46      0.77664    
    397.63      0.78051    
    400.82      0.78433    
    404.05      0.78809    
    407.29      0.79180    
    410.57      0.77126    
    413.87      0.77517    
    417.19      0.77903    
    420.55      0.78284    
    423.93      0.78658    
    427.34      0.79027    
    430.77      0.79391    
    434.23      0.79749    
    437.72      0.80102    
    441.24      0.80449    
    444.79      0.80791    
    448.37      0.81128    
    451.97      0.81459    
    455.60      0.81786    
    459.27      0.82107    
    462.96      0.82423    
    466.68      0.82734    
    470.43      0.83041    
    474.21      0.83342    
    478.02      0.83638    
    481.87      0.83931    
    485.74      0.84218    
    489.64      0.84505    
    493.58      0.84788    
    497.55      0.85066    
    501.55      0.85339    
    505.58      0.85608    
    509.64      0.85872    
    513.74      0.86132    
    517.87      0.86387    
    522.03      0.86638    
    526.23      0.86885    
    530.46      0.87127    
    534.72      0.87366    
    539.02      0.87600    
    543.35      0.82669    
    547.72      0.82980    
    552.13      0.83286    
    556.56      0.83587    
    561.04      0.83883    
    565.55      0.84176    
    570.09      0.84463    
    574.68      0.84746    
    579.30      0.85023    
    583.95      0.85296    
    588.65      0.85564    
    593.38      0.85828    
    598.15      0.86087    
    602.96      0.86341    
    607.80      0.86592    
    612.69      0.86838    
    617.61      0.87080    
    622.58      0.87318    
    627.58      0.87552    
    632.63      0.87784    
    637.71      0.88011    
    642.84      0.88238    
    648.01      0.88461    
    653.22      0.88681    
    658.47      0.88898    
    663.76      0.89110    
    669.10      0.89319    
    674.47      0.89517    
    679.90      0.89711    
    685.36      0.89896    
    690.87      0.90078    
    696.42      0.90255    
    702.02      0.90429    
    707.67      0.90610    
    713.35      0.90789    
    719.09      0.90972    
    724.87      0.91152    
    730.70      0.91329    
    736.57      0.91502    
    742.49      0.91672    
    748.46      0.91839    
    754.48      0.92002    
    760.54      0.92163    
    766.65      0.92320    
    772.82      0.92475    
    779.03      0.92628    
    785.29      0.92778    
    791.60      0.92926    
    797.97      0.93072    
    804.38      0.93214    
    810.85      0.93354    
    817.37      0.93491    
    823.94      0.93625    
    830.56      0.93756    
    837.24      0.93885    
    843.97      0.94011    
    850.75      0.94134    
    857.59      0.94254    
    864.48      0.94372    
    871.43      0.94486    
    878.44      0.94599    
    885.50      0.94709    
    892.62      0.94817    
    899.79      0.94923    
    907.03      0.95027    
    914.32      0.95128    
    921.67      0.95228    
    929.07      0.95327    
    936.54      0.95425    
    944.07      0.95521    
    951.66      0.95615    
    959.31      0.95707    
    967.02      0.95798    
    974.80      0.95886    
    982.63      0.95973    
    990.53      0.96058    
    998.49      0.96142    
    1006.5      0.96223    
    1014.6      0.96303    
    1022.8      0.96381    
    1031.0      0.96457    
    1039.3      0.96532    
    1047.6      0.96606    
    1056.1      0.96679    
    1064.5      0.96750    
    1073.1      0.96820    
    1081.7      0.96888    
    1090.4      0.96955    
    1099.2      0.97020    
    1108.0      0.97085    
    1116.9      0.97147    
    1125.9      0.97209    
    1135.0      0.97269    
    1144.1      0.97328    
    1153.3      0.97385    
    1162.5      0.97442    
    1171.9      0.97497    
    1181.3      0.97551    
    1190.8      0.97604    
    1200.4      0.97655    
    1210.0      0.97706    
    1219.8      0.97755    
    1229.6      0.97804    
    1239.4      0.97851    
    1249.4      0.97898    
    1259.5      0.97944    
    1269.6      0.97989    
    1279.8      0.98033    
    1290.1      0.98077    
    1300.4      0.98119    
    1310.9      0.98160    
    1321.4      0.98201    
    1332.1      0.98241    
    1342.8      0.98279    
    1353.6      0.98317    
    1364.4      0.98355    
    1375.4      0.98391    
    1386.5      0.98426    
    1397.6      0.98461    
    1408.8      0.98495    
    1420.2      0.98528    
    1431.6      0.98561    
    1443.1      0.98593    
    1454.7      0.98624    
    1466.4      0.98654    
    1478.2      0.98684    
    1490.0      0.98713    
    1502.0      0.98742    
    1514.1      0.98770    
    1526.3      0.98798    
    1538.5      0.98825    
    1550.9      0.98851    
    1563.4      0.98877    
    1575.9      0.98902    
    1588.6      0.98926    
    1601.4      0.98950    
    1614.3      0.98974    
    1627.2      0.98997    
    1640.3      0.99019    
    1653.5      0.99041    
    1666.8      0.99063    
    1680.2      0.99084    
    1693.7      0.99104    
    1707.3      0.99125    
    1721.0      0.99144    
    1734.9      0.99163    
    1748.8      0.99182    
    1762.9      0.99201    
    1777.0      0.99219    
    1791.3      0.99237    
    1805.7      0.99254    
    1820.2      0.99271    
    1834.9      0.99288    
    1849.6      0.99304    
    1864.5      0.99319    
    1879.5      0.99335    
    1894.6      0.99350    
    1909.8      0.99365    
    1925.2      0.99379    
    1940.6      0.99393    
    1956.2      0.99407    
    1972.0      0.99421    
    1987.8      0.99434    
    2003.8      0.99447    
    2019.9      0.99459    
    2036.1      0.99471    
    2052.5      0.99483    
    2069.0      0.99495    
    2085.6      0.99507    
    2102.4      0.99518    
    2119.3      0.99529    
    2136.3      0.99540    
    2153.5      0.99550    
    2170.8      0.99561    
    2188.3      0.99571    
    2205.9      0.99581    
    2223.6      0.99590    
    2241.5      0.99600    
    2259.5      0.99609    
    2277.7      0.99618    
    2296.0      0.99627    
    2314.4      0.99635    
    2333.0      0.99644    
    2351.8      0.99652    
    2370.7      0.99660    
    2389.7      0.99668    
    2409.0      0.99675    
    2428.3      0.99683    
    2447.8      0.99690    
    2467.5      0.99697    
    2487.3      0.99704    
    2507.3      0.99711    
    2527.5      0.99718    
    2547.8      0.99724    
    2568.3      0.99731    
    2588.9      0.99737    
    2609.8      0.99743    
    2630.7      0.99749    
    2651.9      0.99755    
    2673.2      0.99761    
    2694.7      0.99766    
    2716.3      0.99772    
    2738.2      0.99777    
    2760.2      0.99782    
    2782.4      0.99787    
    2804.7      0.99792    
    2827.3      0.99797    
    2850.0      0.99802    
    2872.9      0.99806    
    2896.0      0.99811    
    2919.3      0.99815    
    2942.8      0.99820    
    2966.4      0.99824    
    2990.3      0.99828    
    3014.3      0.99832    
    3038.5      0.99836    
    3063.0      0.99840    
    3087.6      0.99844    
    3112.4      0.99847    
    3137.4      0.99851    
    3162.6      0.99854    
    3188.1      0.99858    
    3213.7      0.99861    
    3239.5      0.99864    
    3265.6      0.99868    
    3291.8      0.99871    
    3318.3      0.99874    
    3345.0      0.99877    
    3371.8      0.99880    
    3398.9      0.99883    
    3426.3      0.99885    
    3453.8      0.99888    
    3481.6      0.99891    
    3509.6      0.99893    
    3537.8      0.99896    
    3566.2      0.99898    
    3594.9      0.99901    
    3623.8      0.99903    
    3652.9      0.99905    
    3682.3      0.99908    
    3711.9      0.99910    
    3741.7      0.99912    
    3771.8      0.99914    
    3802.1      0.99916    
    3832.7      0.99918    
    3863.5      0.99920    
    3894.5      0.99922    
    3925.8      0.99924    
    3957.4      0.99926    
    3989.2      0.99927    
    4021.3      0.99929    
    4053.6      0.99931    
    4086.2      0.99933    
    4119.0      0.99934    
    4152.1      0.99936    
    4185.5      0.99937    
    4219.2      0.99939    
    4253.1      0.99940    
    4287.3      0.99942    
    4321.7      0.99943    
    4356.5      0.99945    
    4391.5      0.99946    
    4426.8      0.99947    
    4462.4      0.99948    
    4498.2      0.99950    
    4534.4      0.99951    
    4570.9      0.99952    
    4607.6      0.99953    
    4644.6      0.99954    
    4682.0      0.99956    
    4719.6      0.99957    
    4757.6      0.99958    
    4795.8      0.99959    
    4834.3      0.99960    
    4873.2      0.99961    
    4912.4      0.99962    
    4951.9      0.99963    
    4991.7      0.99963    
    5031.8      0.99964    
    5072.2      0.99965    
    5113.0      0.99966    
    5154.1      0.99967    
    5195.6      0.99968    
    5237.3      0.99968    
    5279.4      0.99969    
    5321.9      0.99970    
    5364.6      0.99971    
    5407.8      0.99971    
    5451.2      0.99972    
    5495.0      0.99973    
    5539.2      0.99973    
    5583.8      0.99974    
    5628.6      0.99975    
    5673.9      0.99975    
    5719.5      0.99976    
    5765.5      0.99977    
    5811.8      0.99977    
    5858.5      0.99978    
    5905.6      0.99978    
    5953.1      0.99979    
    6001.0      0.99979    
    6049.2      0.99980    
    6097.8      0.99980    
    6146.8      0.99981    
    6196.2      0.99981    
    6246.1      0.99982    
    6296.3      0.99982    
    6346.9      0.99983    
    6397.9      0.99983    
    6449.3      0.99983    
    6501.2      0.99984    
    6553.4      0.99984    
    6606.1      0.99985    
    6659.2      0.99985    
    6712.7      0.99985    
    6766.7      0.99986    
    6821.1      0.99986    
    6875.9      0.99986    
    6931.2      0.99987    
    6986.9      0.99987    
    7043.1      0.99987    
    7099.7      0.99988    
    7156.8      0.99988    
    7214.3      0.99988    
    7272.3      0.99989    
    7330.7      0.99989    
    7389.7      0.99989    
    7449.1      0.99989    
    7509.0      0.99990    
    7569.3      0.99990    
    7630.2      0.99990    
    7691.5      0.99990    
    7753.3      0.99991    
    7815.6      0.99991    
    7878.5      0.99991    
    7941.8      0.99991    
    8005.6      0.99992    
    8070.0      0.99992    
    8134.9      0.99992    
    8200.3      0.99992    
    8266.2      0.99992    
    8332.6      0.99993    
    8399.6      0.99993    
    8467.1      0.99993    
    8535.2      0.99993    
    8603.8      0.99993    
    8673.0      0.99993    
    8742.7      0.99994    
    8813.0      0.99994    
    8883.8      0.99994    
    8955.2      0.99994    
    9027.2      0.99994    
    9099.8      0.99994    
    9172.9      0.99994    
    9246.7      0.99995    
    9321.0      0.99995    
    9395.9      0.99995    
    9471.4      0.99995    
    9547.6      0.99995    
    9624.3      0.99995    
    9701.7      0.99995    
    9779.7      0.99995    
    9858.3      0.99996    
    9937.5      0.99996    
    10017.      0.99996    
    10098.      0.99996    
    10179.      0.99996    
    10261.      0.99996    
    10343.      0.99996    
    10427.      0.99996    
    10510.      0.99996    
    10595.      0.99996    
    10680.      0.99997    
    10766.      0.99997    
    10852.      0.99997    
    10940.      0.99997    
    11028.      0.99997    
    11116.      0.99997    
    11206.      0.99997    
    11296.      0.99997    
    11386.      0.99997    
    11478.      0.99997    
    11570.      0.99997    
    11663.      0.99997    
    11757.      0.99997    
    11852.      0.99997    
    11947.      0.99998    
    12043.      0.99998    
    12140.      0.99998    
    12237.      0.99998    
    12336.      0.99998    
    12435.      0.99998    
    12535.      0.99998    
    12635.      0.99998    
    12737.      0.99998    
    12839.      0.99998    
    12943.      0.99998    
    13047.      0.99998    
    13152.      0.99998    
    13257.      0.99998    
    13364.      0.99998    
    13471.      0.99998    
    13580.      0.99998    
    13689.      0.99998    
    13799.      0.99998    
    13910.      0.99998    
    14022.      0.99998    
    14134.      0.99998    
    14248.      0.99999    
    14362.      0.99999    
    14478.      0.99999    
    14594.      0.99999    
    14712.      0.99999    
    14830.      0.99999    
    14949.      0.99999    
    15069.      0.99999    
    15190.      0.99999    
    15312.      0.99999    
    15435.      0.99999    
    15560.      0.99999    
    15685.      0.99999    
    15811.      0.99999    
    15938.      0.99999    
    16066.      0.99999    
    16195.      0.99999    
    16325.      0.99999    
    16456.      0.99999    
    16589.      0.99999    
    16722.      0.99999    
    16857.      0.99999    
    16992.      0.99999    
    17129.      0.99999    
    17266.      0.99999    
    17405.      0.99999    
    17545.      0.99999    
    17686.      0.99999    
    17828.      0.99999    
    17972.      0.99999    
    18116.      0.99999    
    18262.      0.99999    
    18408.      0.99999    
    18556.      0.99999    
    18706.      0.99999    
    18856.      0.99999    
    19008.      0.99999    
    19160.      0.99999    
    19314.      0.99999    
    19470.      0.99999    
    19626.      0.99999    
    19784.      0.99999    
    19943.      0.99999    
    20103.      0.99999    
    20265.      0.99999    
    20428.      0.99999    
    20592.      0.99999    
    20757.      0.99999    
    20924.      0.99999    
    21092.      0.99999    
    21262.      0.99999    
    21433.      0.99999    
    21605.      0.99999    
    21779.      0.99999    
    21954.      0.99999    
    22130.      0.99999    
    22308.      0.99999    
    22488.      0.99999    
    22668.      0.99999    
    22851.      0.99999    
    23034.       1.0000    
    23220.       1.0000    
    23406.       1.0000    
    23594.       1.0000    
    23784.       1.0000    
    23975.       1.0000    
    24168.       1.0000    
    24362.       1.0000    
    24558.       1.0000    
    24755.       1.0000    
    24954.       1.0000    
    25155.       1.0000    
    25357.       1.0000    
    25561.       1.0000    
    25767.       1.0000    
    25974.       1.0000    
    26182.       1.0000    
    26393.       1.0000    
    26605.       1.0000    
    26819.       1.0000    
    27035.       1.0000    
    27252.       1.0000    
    27471.       1.0000    
    27692.       1.0000    
    27914.       1.0000    
    28139.       1.0000    
    28365.       1.0000    
    28593.       1.0000    
    28823.       1.0000    
    29054.       1.0000    
    29288.       1.0000    
    29523.       1.0000    
    29761.       1.0000    
    30000.       1.0000    
