 C22H10N2O5 Density=1.43 Thickness=0.25 microns
 Photon energy (eV), Transmission
    10.000      1.36190E-04
    10.080      1.20047E-04
    10.161      1.05546E-04
    10.243      9.29017E-05
    10.325      8.15512E-05
    10.408      7.13846E-05
    10.492      6.23098E-05
    10.576      5.42337E-05
    10.661      4.70668E-05
    10.747      4.05117E-05
    10.834      3.47541E-05
    10.921      2.92561E-05
    11.008      2.45217E-05
    11.097      2.04575E-05
    11.186      1.69953E-05
    11.276      1.40341E-05
    11.367      1.15378E-05
    11.458      9.44253E-06
    11.550      7.69249E-06
    11.643      6.23807E-06
    11.737      5.03472E-06
    11.831      4.03883E-06
    11.926      3.22381E-06
    12.022      2.62001E-06
    12.119      2.12275E-06
    12.216      1.71504E-06
    12.314      1.37987E-06
    12.413      1.10533E-06
    12.513      8.81523E-07
    12.614      6.97574E-07
    12.715      5.49349E-07
    12.817      4.30685E-07
    12.920      3.36038E-07
    13.024      2.60897E-07
    13.129      2.01550E-07
    13.234      1.54891E-07
    13.341      1.18417E-07
    13.448      9.80303E-08
    13.556      8.14893E-08
    13.665      6.84221E-08
    13.775      5.73950E-08
    13.886      4.77232E-08
    13.997      3.95686E-08
    14.110      3.26952E-08
    14.223      2.69491E-08
    14.337      2.21600E-08
    14.453      1.81777E-08
    14.569      1.52817E-08
    14.686      1.28580E-08
    14.804      1.13680E-08
    14.923      1.00950E-08
    15.043      8.94072E-09
    15.164      7.90789E-09
    15.286      6.98329E-09
    15.409      6.15894E-09
    15.533      5.31227E-09
    15.657      4.56015E-09
    15.783      3.85755E-09
    15.910      3.24712E-09
    16.038      2.78780E-09
    16.167      2.39251E-09
    16.297      2.20162E-09
    16.428      2.03927E-09
    16.560      1.88190E-09
    16.693      1.58295E-09
    16.827      8.96005E-10
    16.963      2.20264E-10
    17.099      1.53053E-10
    17.236      1.47324E-10
    17.375      1.41079E-10
    17.515      1.34382E-10
    17.655      1.28323E-10
    17.797      1.21965E-10
    17.940      1.19708E-10
    18.085      1.17391E-10
    18.230      1.14242E-10
    18.376      1.10303E-10
    18.524      1.05624E-10
    18.673      1.00288E-10
    18.823      9.84600E-11
    18.974      9.68777E-11
    19.127      1.00148E-10
    19.281      1.04345E-10
    19.436      1.08511E-10
    19.592      1.12587E-10
    19.749      1.19206E-10
    19.908      1.26568E-10
    20.068      1.38162E-10
    20.230      1.51529E-10
    20.392      1.76959E-10
    20.556      2.09088E-10
    20.721      2.54347E-10
    20.888      3.10727E-10
    21.056      3.78616E-10
    21.225      4.60163E-10
    21.396      5.59009E-10
    21.568      6.77722E-10
    21.741      8.23651E-10
    21.916      9.99728E-10
    22.092      1.21604E-09
    22.270      1.47729E-09
    22.449      1.79785E-09
    22.629      2.18511E-09
    22.811      2.66845E-09
    22.994      3.25661E-09
    23.179      4.13166E-09
    23.365      5.27953E-09
    23.553      6.72097E-09
    23.743      8.52422E-09
    23.934      1.08443E-08
    24.126      1.37707E-08
    24.320      1.75686E-08
    24.515      2.23836E-08
    24.712      2.84171E-08
    24.911      3.59483E-08
    25.111      4.53125E-08
    25.313      5.69167E-08
    25.517      7.12496E-08
    25.722      8.88906E-08
    25.929      1.10622E-07
    26.137      1.37247E-07
    26.347      1.71635E-07
    26.559      2.14621E-07
    26.772      2.67411E-07
    26.988      3.32006E-07
    27.204      4.11650E-07
    27.423      5.08978E-07
    27.644      6.29044E-07
    27.866      7.75516E-07
    28.090      9.52825E-07
    28.316      1.16673E-06
    28.543      1.42390E-06
    28.773      1.73207E-06
    29.004      2.10022E-06
    29.237      2.53863E-06
    29.472      3.05903E-06
    29.709      3.67489E-06
    29.948      4.41939E-06
    30.189      5.30621E-06
    30.431      6.35027E-06
    30.676      7.57635E-06
    30.922      9.01317E-06
    31.171      1.06916E-05
    31.422      1.26467E-05
    31.674      1.49174E-05
    31.929      1.75479E-05
    32.185      2.05862E-05
    32.444      2.40782E-05
    32.705      2.80851E-05
    32.968      3.26619E-05
    33.233      3.78836E-05
    33.500      4.38324E-05
    33.769      5.05936E-05
    34.041      5.82601E-05
    34.314      6.69329E-05
    34.590      7.67209E-05
    34.868      8.77427E-05
    35.149      9.98828E-05
    35.431      1.13342E-04
    35.716      1.28305E-04
    36.003      1.44930E-04
    36.292      1.64591E-04
    36.584      1.87183E-04
    36.878      2.12858E-04
    37.175      2.41788E-04
    37.474      2.70508E-04
    37.775      3.06127E-04
    38.078      3.45758E-04
    38.385      3.89767E-04
    38.693      4.38562E-04
    39.004      4.92553E-04
    39.318      5.54106E-04
    39.634      6.23255E-04
    39.952      7.01777E-04
    40.273      7.89815E-04
    40.597      8.87082E-04
    40.924      9.94330E-04
    41.253      1.11238E-03
    41.584      1.24205E-03
    41.918      1.38419E-03
    42.255      1.53970E-03
    42.595      1.70956E-03
    42.937      1.89474E-03
    43.283      2.09627E-03
    43.631      2.31523E-03
    43.981      2.55266E-03
    44.335      2.80970E-03
    44.691      3.08566E-03
    45.050      3.38212E-03
    45.413      3.67956E-03
    45.778      3.98392E-03
    46.146      4.30949E-03
    46.517      4.65694E-03
    46.890      5.02727E-03
    47.267      5.42131E-03
    47.647      5.83969E-03
    48.030      6.28342E-03
    48.416      6.76126E-03
    48.806      7.27284E-03
    49.198      7.83408E-03
    49.593      8.44269E-03
    49.992      9.08801E-03
    50.394      9.77146E-03
    50.799      1.04945E-02
    51.207      1.12586E-02
    51.619      1.20651E-02
    52.034      1.29155E-02
    52.452      1.38110E-02
    52.874      1.47532E-02
    53.299      1.56684E-02
    53.727      1.65695E-02
    54.159      1.75174E-02
    54.595      1.85121E-02
    55.033      1.95530E-02
    55.476      2.06405E-02
    55.922      2.17722E-02
    56.371      2.29490E-02
    56.824      2.41718E-02
    57.281      2.54412E-02
    57.742      2.67583E-02
    58.206      2.81237E-02
    58.674      2.95397E-02
    59.145      3.10068E-02
    59.621      3.25268E-02
    60.100      3.41001E-02
    60.583      3.57639E-02
    61.070      3.75157E-02
    61.561      3.94259E-02
    62.056      4.14875E-02
    62.555      4.36214E-02
    63.058      4.58285E-02
    63.565      4.81098E-02
    64.076      5.04660E-02
    64.591      5.28972E-02
    65.110      5.54040E-02
    65.633      5.79867E-02
    66.161      6.06455E-02
    66.693      6.33811E-02
    67.229      6.61936E-02
    67.769      6.90830E-02
    68.314      7.20497E-02
    68.863      7.50956E-02
    69.417      7.82208E-02
    69.975      8.14193E-02
    70.537      8.46910E-02
    71.104      8.80408E-02
    71.676      9.14682E-02
    72.252      9.49722E-02
    72.833      9.85518E-02
    73.418      0.10221    
    74.008      0.10594    
    74.603      0.10974    
    75.203      0.11361    
    75.807      0.11756    
    76.417      0.12158    
    77.031      0.12567    
    77.650      0.12982    
    78.274      0.13405    
    78.904      0.13835    
    79.538      0.14272    
    80.177      0.14715    
    80.822      0.15164    
    81.472      0.15620    
    82.126      0.16083    
    82.787      0.16552    
    83.452      0.17027    
    84.123      0.17507    
    84.799      0.17993    
    85.481      0.18485    
    86.168      0.18982    
    86.861      0.19483    
    87.559      0.19991    
    88.263      0.20502    
    88.972      0.21019    
    89.687      0.21540    
    90.408      0.22066    
    91.135      0.22596    
    91.868      0.23130    
    92.606      0.23668    
    93.351      0.24209    
    94.101      0.24754    
    94.857      0.25303    
    95.620      0.25854    
    96.389      0.26409    
    97.163      0.26966    
    97.944      0.27533    
    98.732      0.28109    
    99.525      0.28705    
    100.33      0.29325    
    101.13      0.29948    
    101.94      0.30574    
    102.76      0.31202    
    103.59      0.31831    
    104.42      0.32462    
    105.26      0.33094    
    106.11      0.33728    
    106.96      0.34362    
    107.82      0.34997    
    108.69      0.35632    
    109.56      0.36268    
    110.44      0.36905    
    111.33      0.37541    
    112.23      0.38176    
    113.13      0.38812    
    114.04      0.39447    
    114.95      0.40080    
    115.88      0.40713    
    116.81      0.41345    
    117.75      0.41976    
    118.69      0.42605    
    119.65      0.43232    
    120.61      0.43858    
    121.58      0.44482    
    122.56      0.45104    
    123.54      0.45724    
    124.54      0.46341    
    125.54      0.46956    
    126.55      0.47568    
    127.56      0.48177    
    128.59      0.48784    
    129.62      0.49388    
    130.66      0.49989    
    131.71      0.50588    
    132.77      0.51191    
    133.84      0.51804    
    134.92      0.52411    
    136.00      0.53007    
    137.09      0.53600    
    138.20      0.54189    
    139.31      0.54774    
    140.43      0.55355    
    141.56      0.55932    
    142.69      0.56504    
    143.84      0.57072    
    145.00      0.57635    
    146.16      0.58194    
    147.34      0.58749    
    148.52      0.59299    
    149.72      0.59844    
    150.92      0.60385    
    152.13      0.60921    
    153.36      0.61452    
    154.59      0.61978    
    155.83      0.62499    
    157.08      0.63016    
    158.35      0.63528    
    159.62      0.64035    
    160.90      0.64538    
    162.20      0.65037    
    163.50      0.65533    
    164.81      0.66025    
    166.14      0.66512    
    167.47      0.66994    
    168.82      0.67470    
    170.18      0.67942    
    171.55      0.68408    
    172.92      0.68869    
    174.31      0.69325    
    175.72      0.69776    
    177.13      0.70222    
    178.55      0.70662    
    179.99      0.71103    
    181.43      0.71551    
    182.89      0.72006    
    184.36      0.72485    
    185.84      0.72968    
    187.34      0.73474    
    188.84      0.73973    
    190.36      0.74465    
    191.89      0.74949    
    193.43      0.75425    
    194.99      0.75894    
    196.56      0.76355    
    198.14      0.76809    
    199.73      0.77255    
    201.34      0.77695    
    202.95      0.78127    
    204.59      0.78551    
    206.23      0.78969    
    207.89      0.79380    
    209.56      0.79783    
    211.24      0.80180    
    212.94      0.80570    
    214.65      0.80953    
    216.38      0.81330    
    218.12      0.81699    
    219.87      0.82059    
    221.64      0.82412    
    223.42      0.82754    
    225.22      0.83091    
    227.03      0.83421    
    228.85      0.83746    
    230.69      0.84064    
    232.55      0.84378    
    234.42      0.84685    
    236.30      0.84986    
    238.20      0.85279    
    240.11      0.85564    
    242.04      0.85833    
    243.99      0.86099    
    245.95      0.86367    
    247.93      0.86636    
    249.92      0.86923    
    251.93      0.87204    
    253.96      0.87479    
    256.00      0.87749    
    258.05      0.88013    
    260.13      0.88272    
    262.22      0.88525    
    264.33      0.88773    
    266.45      0.89016    
    268.59      0.89254    
    270.75      0.89487    
    272.93      0.89715    
    275.12      0.89939    
    277.34      0.90158    
    279.56      0.90373    
    281.81      0.90584    
    284.08      0.90790    
    286.36      0.27088    
    288.66      0.27721    
    290.98      0.28358    
    293.32      0.28999    
    295.68      0.29641    
    298.06      0.30286    
    300.45      0.30934    
    302.87      0.31583    
    305.30      0.32235    
    307.76      0.32887    
    310.23      0.33541    
    312.72      0.34197    
    315.24      0.34854    
    317.77      0.35512    
    320.33      0.36170    
    322.90      0.36828    
    325.50      0.37487    
    328.11      0.38145    
    330.75      0.38802    
    333.41      0.39459    
    336.09      0.40115    
    338.79      0.40770    
    341.52      0.41424    
    344.26      0.42077    
    347.03      0.42728    
    349.82      0.43377    
    352.63      0.44024    
    355.46      0.44669    
    358.32      0.45312    
    361.20      0.45952    
    364.11      0.46590    
    367.03      0.47225    
    369.98      0.47857    
    372.96      0.48487    
    375.96      0.49117    
    378.98      0.49782    
    382.02      0.50446    
    385.09      0.51130    
    388.19      0.51810    
    391.31      0.52485    
    394.46      0.53155    
    397.63      0.53821    
    400.82      0.54481    
    404.05      0.55137    
    407.29      0.55787    
    410.57      0.52239    
    413.87      0.52905    
    417.19      0.53566    
    420.55      0.54222    
    423.93      0.54873    
    427.34      0.55519    
    430.77      0.56160    
    434.23      0.56795    
    437.72      0.57425    
    441.24      0.58050    
    444.79      0.58669    
    448.37      0.59282    
    451.97      0.59889    
    455.60      0.60491    
    459.27      0.61087    
    462.96      0.61677    
    466.68      0.62261    
    470.43      0.62838    
    474.21      0.63410    
    478.02      0.63976    
    481.87      0.64536    
    485.74      0.65090    
    489.64      0.65647    
    493.58      0.66197    
    497.55      0.66740    
    501.55      0.67278    
    505.58      0.67809    
    509.64      0.68333    
    513.74      0.68851    
    517.87      0.69362    
    522.03      0.69867    
    526.23      0.70366    
    530.46      0.70858    
    534.72      0.71343    
    539.02      0.71823    
    543.35      0.62139    
    547.72      0.62725    
    552.13      0.63304    
    556.56      0.63878    
    561.04      0.64445    
    565.55      0.65008    
    570.09      0.65565    
    574.68      0.66114    
    579.30      0.66657    
    583.95      0.67193    
    588.65      0.67722    
    593.38      0.68244    
    598.15      0.68760    
    602.96      0.69270    
    607.80      0.69773    
    612.69      0.70270    
    617.61      0.70761    
    622.58      0.71245    
    627.58      0.71724    
    632.63      0.72199    
    637.71      0.72669    
    642.84      0.73137    
    648.01      0.73600    
    653.22      0.74059    
    658.47      0.74512    
    663.76      0.74958    
    669.10      0.75398    
    674.47      0.75817    
    679.90      0.76229    
    685.36      0.76622    
    690.87      0.77010    
    696.42      0.77388    
    702.02      0.77761    
    707.67      0.78153    
    713.35      0.78539    
    719.09      0.78936    
    724.87      0.79327    
    730.70      0.79712    
    736.57      0.80090    
    742.49      0.80462    
    748.46      0.80828    
    754.48      0.81189    
    760.54      0.81543    
    766.65      0.81892    
    772.82      0.82236    
    779.03      0.82577    
    785.29      0.82912    
    791.60      0.83243    
    797.97      0.83569    
    804.38      0.83889    
    810.85      0.84204    
    817.37      0.84513    
    823.94      0.84816    
    830.56      0.85114    
    837.24      0.85407    
    843.97      0.85693    
    850.75      0.85974    
    857.59      0.86248    
    864.48      0.86518    
    871.43      0.86781    
    878.44      0.87039    
    885.50      0.87293    
    892.62      0.87542    
    899.79      0.87787    
    907.03      0.88027    
    914.32      0.88262    
    921.67      0.88493    
    929.07      0.88724    
    936.54      0.88951    
    944.07      0.89175    
    951.66      0.89395    
    959.31      0.89611    
    967.02      0.89823    
    974.80      0.90031    
    982.63      0.90235    
    990.53      0.90435    
    998.49      0.90632    
    1006.5      0.90824    
    1014.6      0.91012    
    1022.8      0.91196    
    1031.0      0.91376    
    1039.3      0.91554    
    1047.6      0.91729    
    1056.1      0.91902    
    1064.5      0.92072    
    1073.1      0.92238    
    1081.7      0.92401    
    1090.4      0.92560    
    1099.2      0.92717    
    1108.0      0.92870    
    1116.9      0.93020    
    1125.9      0.93167    
    1135.0      0.93311    
    1144.1      0.93452    
    1153.3      0.93591    
    1162.5      0.93726    
    1171.9      0.93859    
    1181.3      0.93989    
    1190.8      0.94116    
    1200.4      0.94241    
    1210.0      0.94363    
    1219.8      0.94483    
    1229.6      0.94600    
    1239.4      0.94715    
    1249.4      0.94828    
    1259.5      0.94939    
    1269.6      0.95048    
    1279.8      0.95155    
    1290.1      0.95261    
    1300.4      0.95363    
    1310.9      0.95464    
    1321.4      0.95563    
    1332.1      0.95659    
    1342.8      0.95754    
    1353.6      0.95846    
    1364.4      0.95937    
    1375.4      0.96026    
    1386.5      0.96112    
    1397.6      0.96197    
    1408.8      0.96280    
    1420.2      0.96361    
    1431.6      0.96441    
    1443.1      0.96519    
    1454.7      0.96595    
    1466.4      0.96669    
    1478.2      0.96742    
    1490.0      0.96814    
    1502.0      0.96884    
    1514.1      0.96953    
    1526.3      0.97021    
    1538.5      0.97087    
    1550.9      0.97152    
    1563.4      0.97215    
    1575.9      0.97277    
    1588.6      0.97337    
    1601.4      0.97397    
    1614.3      0.97455    
    1627.2      0.97511    
    1640.3      0.97567    
    1653.5      0.97621    
    1666.8      0.97674    
    1680.2      0.97725    
    1693.7      0.97776    
    1707.3      0.97826    
    1721.0      0.97874    
    1734.9      0.97922    
    1748.8      0.97968    
    1762.9      0.98014    
    1777.0      0.98059    
    1791.3      0.98103    
    1805.7      0.98145    
    1820.2      0.98187    
    1834.9      0.98228    
    1849.6      0.98268    
    1864.5      0.98307    
    1879.5      0.98346    
    1894.6      0.98383    
    1909.8      0.98420    
    1925.2      0.98455    
    1940.6      0.98490    
    1956.2      0.98524    
    1972.0      0.98558    
    1987.8      0.98590    
    2003.8      0.98622    
    2019.9      0.98653    
    2036.1      0.98684    
    2052.5      0.98713    
    2069.0      0.98743    
    2085.6      0.98771    
    2102.4      0.98799    
    2119.3      0.98827    
    2136.3      0.98853    
    2153.5      0.98880    
    2170.8      0.98905    
    2188.3      0.98930    
    2205.9      0.98955    
    2223.6      0.98979    
    2241.5      0.99002    
    2259.5      0.99025    
    2277.7      0.99047    
    2296.0      0.99069    
    2314.4      0.99090    
    2333.0      0.99111    
    2351.8      0.99132    
    2370.7      0.99152    
    2389.7      0.99171    
    2409.0      0.99190    
    2428.3      0.99209    
    2447.8      0.99227    
    2467.5      0.99245    
    2487.3      0.99262    
    2507.3      0.99279    
    2527.5      0.99296    
    2547.8      0.99312    
    2568.3      0.99328    
    2588.9      0.99344    
    2609.8      0.99359    
    2630.7      0.99374    
    2651.9      0.99388    
    2673.2      0.99403    
    2694.7      0.99416    
    2716.3      0.99430    
    2738.2      0.99443    
    2760.2      0.99456    
    2782.4      0.99469    
    2804.7      0.99481    
    2827.3      0.99493    
    2850.0      0.99505    
    2872.9      0.99517    
    2896.0      0.99528    
    2919.3      0.99539    
    2942.8      0.99550    
    2966.4      0.99560    
    2990.3      0.99571    
    3014.3      0.99581    
    3038.5      0.99590    
    3063.0      0.99600    
    3087.6      0.99609    
    3112.4      0.99619    
    3137.4      0.99627    
    3162.6      0.99636    
    3188.1      0.99645    
    3213.7      0.99653    
    3239.5      0.99661    
    3265.6      0.99669    
    3291.8      0.99677    
    3318.3      0.99685    
    3345.0      0.99692    
    3371.8      0.99699    
    3398.9      0.99707    
    3426.3      0.99713    
    3453.8      0.99720    
    3481.6      0.99727    
    3509.6      0.99733    
    3537.8      0.99740    
    3566.2      0.99746    
    3594.9      0.99752    
    3623.8      0.99758    
    3652.9      0.99764    
    3682.3      0.99769    
    3711.9      0.99775    
    3741.7      0.99780    
    3771.8      0.99785    
    3802.1      0.99790    
    3832.7      0.99795    
    3863.5      0.99800    
    3894.5      0.99805    
    3925.8      0.99810    
    3957.4      0.99814    
    3989.2      0.99819    
    4021.3      0.99823    
    4053.6      0.99827    
    4086.2      0.99832    
    4119.0      0.99836    
    4152.1      0.99840    
    4185.5      0.99843    
    4219.2      0.99847    
    4253.1      0.99851    
    4287.3      0.99855    
    4321.7      0.99858    
    4356.5      0.99861    
    4391.5      0.99865    
    4426.8      0.99868    
    4462.4      0.99871    
    4498.2      0.99874    
    4534.4      0.99877    
    4570.9      0.99880    
    4607.6      0.99883    
    4644.6      0.99886    
    4682.0      0.99889    
    4719.6      0.99892    
    4757.6      0.99894    
    4795.8      0.99897    
    4834.3      0.99899    
    4873.2      0.99902    
    4912.4      0.99904    
    4951.9      0.99906    
    4991.7      0.99909    
    5031.8      0.99911    
    5072.2      0.99913    
    5113.0      0.99915    
    5154.1      0.99917    
    5195.6      0.99919    
    5237.3      0.99921    
    5279.4      0.99923    
    5321.9      0.99925    
    5364.6      0.99927    
    5407.8      0.99929    
    5451.2      0.99930    
    5495.0      0.99932    
    5539.2      0.99934    
    5583.8      0.99935    
    5628.6      0.99937    
    5673.9      0.99938    
    5719.5      0.99940    
    5765.5      0.99941    
    5811.8      0.99943    
    5858.5      0.99944    
    5905.6      0.99946    
    5953.1      0.99947    
    6001.0      0.99948    
    6049.2      0.99950    
    6097.8      0.99951    
    6146.8      0.99952    
    6196.2      0.99953    
    6246.1      0.99954    
    6296.3      0.99955    
    6346.9      0.99956    
    6397.9      0.99958    
    6449.3      0.99959    
    6501.2      0.99960    
    6553.4      0.99961    
    6606.1      0.99962    
    6659.2      0.99963    
    6712.7      0.99963    
    6766.7      0.99964    
    6821.1      0.99965    
    6875.9      0.99966    
    6931.2      0.99967    
    6986.9      0.99968    
    7043.1      0.99968    
    7099.7      0.99969    
    7156.8      0.99970    
    7214.3      0.99971    
    7272.3      0.99971    
    7330.7      0.99972    
    7389.7      0.99973    
    7449.1      0.99974    
    7509.0      0.99974    
    7569.3      0.99975    
    7630.2      0.99975    
    7691.5      0.99976    
    7753.3      0.99977    
    7815.6      0.99977    
    7878.5      0.99978    
    7941.8      0.99978    
    8005.6      0.99979    
    8070.0      0.99979    
    8134.9      0.99980    
    8200.3      0.99980    
    8266.2      0.99981    
    8332.6      0.99981    
    8399.6      0.99982    
    8467.1      0.99982    
    8535.2      0.99983    
    8603.8      0.99983    
    8673.0      0.99983    
    8742.7      0.99984    
    8813.0      0.99984    
    8883.8      0.99985    
    8955.2      0.99985    
    9027.2      0.99985    
    9099.8      0.99986    
    9172.9      0.99986    
    9246.7      0.99986    
    9321.0      0.99987    
    9395.9      0.99987    
    9471.4      0.99987    
    9547.6      0.99988    
    9624.3      0.99988    
    9701.7      0.99988    
    9779.7      0.99989    
    9858.3      0.99989    
    9937.5      0.99989    
    10017.      0.99989    
    10098.      0.99990    
    10179.      0.99990    
    10261.      0.99990    
    10343.      0.99990    
    10427.      0.99991    
    10510.      0.99991    
    10595.      0.99991    
    10680.      0.99991    
    10766.      0.99992    
    10852.      0.99992    
    10940.      0.99992    
    11028.      0.99992    
    11116.      0.99992    
    11206.      0.99992    
    11296.      0.99993    
    11386.      0.99993    
    11478.      0.99993    
    11570.      0.99993    
    11663.      0.99993    
    11757.      0.99993    
    11852.      0.99994    
    11947.      0.99994    
    12043.      0.99994    
    12140.      0.99994    
    12237.      0.99994    
    12336.      0.99994    
    12435.      0.99994    
    12535.      0.99995    
    12635.      0.99995    
    12737.      0.99995    
    12839.      0.99995    
    12943.      0.99995    
    13047.      0.99995    
    13152.      0.99995    
    13257.      0.99995    
    13364.      0.99996    
    13471.      0.99996    
    13580.      0.99996    
    13689.      0.99996    
    13799.      0.99996    
    13910.      0.99996    
    14022.      0.99996    
    14134.      0.99996    
    14248.      0.99996    
    14362.      0.99996    
    14478.      0.99996    
    14594.      0.99997    
    14712.      0.99997    
    14830.      0.99997    
    14949.      0.99997    
    15069.      0.99997    
    15190.      0.99997    
    15312.      0.99997    
    15435.      0.99997    
    15560.      0.99997    
    15685.      0.99997    
    15811.      0.99997    
    15938.      0.99997    
    16066.      0.99997    
    16195.      0.99997    
    16325.      0.99997    
    16456.      0.99997    
    16589.      0.99998    
    16722.      0.99998    
    16857.      0.99998    
    16992.      0.99998    
    17129.      0.99998    
    17266.      0.99998    
    17405.      0.99998    
    17545.      0.99998    
    17686.      0.99998    
    17828.      0.99998    
    17972.      0.99998    
    18116.      0.99998    
    18262.      0.99998    
    18408.      0.99998    
    18556.      0.99998    
    18706.      0.99998    
    18856.      0.99998    
    19008.      0.99998    
    19160.      0.99998    
    19314.      0.99998    
    19470.      0.99998    
    19626.      0.99998    
    19784.      0.99998    
    19943.      0.99998    
    20103.      0.99998    
    20265.      0.99998    
    20428.      0.99998    
    20592.      0.99998    
    20757.      0.99998    
    20924.      0.99999    
    21092.      0.99999    
    21262.      0.99999    
    21433.      0.99999    
    21605.      0.99999    
    21779.      0.99999    
    21954.      0.99999    
    22130.      0.99999    
    22308.      0.99999    
    22488.      0.99999    
    22668.      0.99999    
    22851.      0.99999    
    23034.      0.99999    
    23220.      0.99999    
    23406.      0.99999    
    23594.      0.99999    
    23784.      0.99999    
    23975.      0.99999    
    24168.      0.99999    
    24362.      0.99999    
    24558.      0.99999    
    24755.      0.99999    
    24954.      0.99999    
    25155.      0.99999    
    25357.      0.99999    
    25561.      0.99999    
    25767.      0.99999    
    25974.      0.99999    
    26182.      0.99999    
    26393.      0.99999    
    26605.      0.99999    
    26819.      0.99999    
    27035.      0.99999    
    27252.      0.99999    
    27471.      0.99999    
    27692.      0.99999    
    27914.      0.99999    
    28139.      0.99999    
    28365.      0.99999    
    28593.      0.99999    
    28823.      0.99999    
    29054.      0.99999    
    29288.      0.99999    
    29523.      0.99999    
    29761.      0.99999    
    30000.      0.99999    
