 C22H10N2O5 Density=1.43 Thickness=5. microns
 Photon energy (eV), Transmission
    10.000      0.00000    
    10.080      0.00000    
    10.161      0.00000    
    10.243      0.00000    
    10.325      0.00000    
    10.408      0.00000    
    10.492      0.00000    
    10.576      0.00000    
    10.661      0.00000    
    10.747      0.00000    
    10.834      0.00000    
    10.921      0.00000    
    11.008      0.00000    
    11.097      0.00000    
    11.186      0.00000    
    11.276      0.00000    
    11.367      0.00000    
    11.458      0.00000    
    11.550      0.00000    
    11.643      0.00000    
    11.737      0.00000    
    11.831      0.00000    
    11.926      0.00000    
    12.022      0.00000    
    12.119      0.00000    
    12.216      0.00000    
    12.314      0.00000    
    12.413      0.00000    
    12.513      0.00000    
    12.614      0.00000    
    12.715      0.00000    
    12.817      0.00000    
    12.920      0.00000    
    13.024      0.00000    
    13.129      0.00000    
    13.234      0.00000    
    13.341      0.00000    
    13.448      0.00000    
    13.556      0.00000    
    13.665      0.00000    
    13.775      0.00000    
    13.886      0.00000    
    13.997      0.00000    
    14.110      0.00000    
    14.223      0.00000    
    14.337      0.00000    
    14.453      0.00000    
    14.569      0.00000    
    14.686      0.00000    
    14.804      0.00000    
    14.923      0.00000    
    15.043      0.00000    
    15.164      0.00000    
    15.286      0.00000    
    15.409      0.00000    
    15.533      0.00000    
    15.657      0.00000    
    15.783      0.00000    
    15.910      0.00000    
    16.038      0.00000    
    16.167      0.00000    
    16.297      0.00000    
    16.428      0.00000    
    16.560      0.00000    
    16.693      0.00000    
    16.827      0.00000    
    16.963      0.00000    
    17.099      0.00000    
    17.236      0.00000    
    17.375      0.00000    
    17.515      0.00000    
    17.655      0.00000    
    17.797      0.00000    
    17.940      0.00000    
    18.085      0.00000    
    18.230      0.00000    
    18.376      0.00000    
    18.524      0.00000    
    18.673      0.00000    
    18.823      0.00000    
    18.974      0.00000    
    19.127      0.00000    
    19.281      0.00000    
    19.436      0.00000    
    19.592      0.00000    
    19.749      0.00000    
    19.908      0.00000    
    20.068      0.00000    
    20.230      0.00000    
    20.392      0.00000    
    20.556      0.00000    
    20.721      0.00000    
    20.888      0.00000    
    21.056      0.00000    
    21.225      0.00000    
    21.396      0.00000    
    21.568      0.00000    
    21.741      0.00000    
    21.916      0.00000    
    22.092      0.00000    
    22.270      0.00000    
    22.449      0.00000    
    22.629      0.00000    
    22.811      0.00000    
    22.994      0.00000    
    23.179      0.00000    
    23.365      0.00000    
    23.553      0.00000    
    23.743      0.00000    
    23.934      0.00000    
    24.126      0.00000    
    24.320      0.00000    
    24.515      0.00000    
    24.712      0.00000    
    24.911      0.00000    
    25.111      0.00000    
    25.313      0.00000    
    25.517      0.00000    
    25.722      0.00000    
    25.929      0.00000    
    26.137      0.00000    
    26.347      0.00000    
    26.559      0.00000    
    26.772      0.00000    
    26.988      0.00000    
    27.204      0.00000    
    27.423      0.00000    
    27.644      0.00000    
    27.866      0.00000    
    28.090      0.00000    
    28.316      0.00000    
    28.543      0.00000    
    28.773      0.00000    
    29.004      0.00000    
    29.237      0.00000    
    29.472      0.00000    
    29.709      0.00000    
    29.948      0.00000    
    30.189      0.00000    
    30.431      0.00000    
    30.676      0.00000    
    30.922      0.00000    
    31.171      0.00000    
    31.422      0.00000    
    31.674      0.00000    
    31.929      0.00000    
    32.185      0.00000    
    32.444      0.00000    
    32.705      0.00000    
    32.968      0.00000    
    33.233      0.00000    
    33.500      0.00000    
    33.769      0.00000    
    34.041      0.00000    
    34.314      0.00000    
    34.590      0.00000    
    34.868      0.00000    
    35.149      0.00000    
    35.431      0.00000    
    35.716      0.00000    
    36.003      0.00000    
    36.292      0.00000    
    36.584      0.00000    
    36.878      0.00000    
    37.175      0.00000    
    37.474      0.00000    
    37.775      0.00000    
    38.078      0.00000    
    38.385      0.00000    
    38.693      0.00000    
    39.004      0.00000    
    39.318      0.00000    
    39.634      0.00000    
    39.952      0.00000    
    40.273      0.00000    
    40.597      0.00000    
    40.924      0.00000    
    41.253      0.00000    
    41.584      0.00000    
    41.918      0.00000    
    42.255      0.00000    
    42.595      0.00000    
    42.937      0.00000    
    43.283      0.00000    
    43.631      0.00000    
    43.981      0.00000    
    44.335      0.00000    
    44.691      0.00000    
    45.050      0.00000    
    45.413      0.00000    
    45.778      0.00000    
    46.146      0.00000    
    46.517      0.00000    
    46.890      0.00000    
    47.267      0.00000    
    47.647      2.80260E-45
    48.030      9.80909E-45
    48.416      3.92364E-44
    48.806      1.70958E-43
    49.198      7.58102E-43
    49.593      3.38554E-42
    49.992      1.47697E-41
    50.394      6.29786E-41
    50.799      2.62575E-40
    51.207      1.07072E-39
    51.619      4.27192E-39
    52.034      1.66800E-38
    52.452      6.37533E-38
    52.874      2.38628E-37
    53.299      7.95238E-37
    53.727      2.43339E-36
    54.159      7.40297E-36
    54.595      2.23406E-35
    55.033      6.67221E-35
    55.476      1.96978E-34
    55.922      5.72870E-34
    56.371      1.64171E-33
    56.824      4.63622E-33
    57.281      1.29052E-32
    57.742      3.54133E-32
    58.206      9.58186E-32
    58.674      2.55931E-31
    59.145      6.74763E-31
    59.621      1.75723E-30
    60.100      4.51967E-30
    60.583      1.17195E-29
    61.070      3.04974E-29
    61.561      8.23426E-29
    62.056      2.28220E-28
    62.555      6.22300E-28
    63.058      1.67000E-27
    63.565      4.41245E-27
    64.076      1.14808E-26
    64.591      2.94211E-26
    65.110      7.42716E-26
    65.633      1.84746E-25
    66.161      4.52872E-25
    66.693      1.09445E-24
    67.229      2.60804E-24
    67.769      6.12941E-24
    68.314      1.42116E-23
    68.863      3.25301E-23
    69.417      7.35273E-23
    69.975      1.63890E-22
    70.537      3.60371E-22
    71.104      7.82855E-22
    71.676      1.68038E-21
    72.252      3.56389E-21
    72.833      7.46955E-21
    73.418      1.54730E-20
    74.008      3.16836E-20
    74.603      6.41393E-20
    75.203      1.28392E-19
    75.807      2.54202E-19
    76.417      4.97851E-19
    77.031      9.64702E-19
    77.650      1.84994E-18
    78.274      3.51192E-18
    78.904      6.60178E-18
    79.538      1.22862E-17
    80.177      2.26423E-17
    80.822      4.13392E-17
    81.472      7.47883E-17
    82.126      1.34067E-16
    82.787      2.38170E-16
    83.452      4.19285E-16
    84.123      7.31546E-16
    84.799      1.26509E-15
    85.481      2.16887E-15
    86.168      3.68648E-15
    86.861      6.21353E-15
    87.559      1.03867E-14
    88.263      1.72225E-14
    88.972      2.83301E-14
    89.687      4.62381E-14
    90.408      7.48838E-14
    91.135      1.20360E-13
    91.868      1.92028E-13
    92.606      3.04140E-13
    93.351      4.78211E-13
    94.101      7.46519E-13
    94.857      1.15717E-12
    95.620      1.78118E-12
    96.389      2.72302E-12
    97.163      4.13505E-12
    97.944      6.26513E-12
    98.732      9.48326E-12
    99.525      1.44231E-11
    100.33      2.21171E-11
    101.13      3.36784E-11
    101.94      5.09358E-11
    102.76      7.64795E-11
    103.59      1.14017E-10
    104.42      1.68824E-10
    105.26      2.48316E-10
    106.11      3.62813E-10
    106.96      5.26637E-10
    107.82      7.59570E-10
    108.69      1.08873E-09
    109.56      1.55091E-09
    110.44      2.19587E-09
    111.33      3.09048E-09
    112.23      4.32412E-09
    113.13      6.01545E-09
    114.04      8.32105E-09
    114.95      1.14462E-08
    115.88      1.56581E-08
    116.81      2.13058E-08
    117.75      2.88385E-08
    118.69      3.88328E-08
    119.65      5.20243E-08
    120.61      6.93472E-08
    121.58      9.19821E-08
    122.56      1.21416E-07
    123.54      1.59512E-07
    124.54      2.08580E-07
    125.54      2.71480E-07
    126.55      3.51771E-07
    127.56      4.53810E-07
    128.59      5.82900E-07
    129.62      7.45501E-07
    130.66      9.49639E-07
    131.71      1.20507E-06
    132.77      1.52737E-06
    133.84      1.93790E-06
    134.92      2.44553E-06
    136.00      3.06703E-06
    137.09      3.83125E-06
    138.20      4.76723E-06
    139.31      5.90913E-06
    140.43      7.29703E-06
    141.56      8.97743E-06
    142.69      1.10041E-05
    143.84      1.34406E-05
    145.00      1.63597E-05
    146.16      1.98439E-05
    147.34      2.39881E-05
    148.52      2.89015E-05
    149.72      3.47076E-05
    150.92      4.15469E-05
    152.13      4.95784E-05
    153.36      5.89776E-05
    154.59      6.99419E-05
    155.83      8.26978E-05
    157.08      9.74965E-05
    158.35      1.14618E-04
    159.62      1.34379E-04
    160.90      1.57142E-04
    162.20      1.83347E-04
    163.50      2.13390E-04
    164.81      2.47820E-04
    166.14      2.87045E-04
    167.47      3.31632E-04
    168.82      3.82158E-04
    170.18      4.39267E-04
    171.55      5.03660E-04
    172.92      5.76089E-04
    174.31      6.57368E-04
    175.72      7.48369E-04
    177.13      8.50003E-04
    178.55      9.63249E-04
    179.99      1.09075E-03
    181.43      1.23698E-03
    182.89      1.40403E-03
    184.36      1.60298E-03
    185.84      1.83082E-03
    187.34      2.10227E-03
    188.84      2.40681E-03
    190.36      2.74782E-03
    191.89      3.12797E-03
    193.43      3.55049E-03
    194.99      4.01886E-03
    196.56      4.53672E-03
    198.14      5.10764E-03
    199.73      5.73550E-03
    201.34      6.42413E-03
    202.95      7.17748E-03
    204.59      7.99964E-03
    206.23      8.89460E-03
    207.89      9.86676E-03
    209.56      1.09204E-02
    211.24      1.20596E-02
    212.94      1.32883E-02
    214.65      1.46110E-02
    216.38      1.60322E-02
    218.12      1.75526E-02
    219.87      1.91678E-02
    221.64      2.08849E-02
    223.42      2.26896E-02
    225.22      2.46063E-02
    227.03      2.66387E-02
    228.85      2.87900E-02
    230.69      3.10631E-02
    232.55      3.34611E-02
    234.42      3.59864E-02
    236.30      3.86349E-02
    238.20      4.13868E-02
    240.11      4.42407E-02
    242.04      4.71080E-02
    243.99      5.01167E-02
    245.95      5.33294E-02
    247.93      5.67502E-02
    249.92      6.06296E-02
    251.93      6.46732E-02
    253.96      6.88805E-02
    256.00      7.32533E-02
    258.05      7.77916E-02
    260.13      8.24946E-02
    262.22      8.73609E-02
    264.33      9.23903E-02
    266.45      9.75802E-02
    268.59      0.10293    
    270.75      0.10844    
    272.93      0.11410    
    275.12      0.11993    
    277.34      0.12592    
    279.56      0.13206    
    281.81      0.13836    
    284.08      0.14480    
    286.36      4.52305E-12
    288.66      7.18333E-12
    290.98      1.13152E-11
    293.32      1.76813E-11
    295.68      2.74105E-11
    298.06      4.21652E-11
    300.45      6.43677E-11
    302.87      9.75348E-11
    305.30      1.46702E-10
    307.76      2.19046E-10
    310.23      3.24769E-10
    312.72      4.78382E-10
    315.24      6.99860E-10
    317.77      1.01722E-09
    320.33      1.46872E-09
    322.90      2.10677E-09
    325.50      3.00271E-09
    328.11      4.25248E-09
    330.75      5.98542E-09
    333.41      8.37415E-09
    336.09      1.16463E-08
    338.79      1.61028E-08
    341.52      2.21365E-08
    344.26      3.02583E-08
    347.03      4.11308E-08
    349.82      5.56064E-08
    352.63      7.47762E-08
    355.46      1.00026E-07
    358.32      1.33112E-07
    361.20      1.76248E-07
    364.11      2.32198E-07
    367.03      3.04413E-07
    369.98      3.97178E-07
    372.96      5.15765E-07
    375.96      6.67753E-07
    378.98      8.73965E-07
    382.02      1.13913E-06
    385.09      1.49126E-06
    388.19      1.94190E-06
    391.31      2.51587E-06
    394.46      3.24291E-06
    397.63      4.15922E-06
    400.82      5.30839E-06
    404.05      6.74273E-06
    407.29      8.52427E-06
    410.57      2.29074E-06
    413.87      2.95096E-06
    417.19      3.78268E-06
    420.55      4.82535E-06
    423.93      6.12644E-06
    427.34      7.74213E-06
    430.77      9.73942E-06
    434.23      1.21972E-05
    437.72      1.52081E-05
    441.24      1.88809E-05
    444.79      2.33419E-05
    448.37      2.87376E-05
    451.97      3.52374E-05
    455.60      4.30362E-05
    459.27      5.23542E-05
    462.96      6.34473E-05
    466.68      7.66050E-05
    470.43      9.21511E-05
    474.21      1.10452E-04
    478.02      1.31920E-04
    481.87      1.57042E-04
    485.74      1.86329E-04
    489.64      2.20921E-04
    493.58      2.61052E-04
    497.55      3.07458E-04
    501.55      3.60936E-04
    505.58      4.22373E-04
    509.64      4.92730E-04
    513.74      5.73044E-04
    517.87      6.64457E-04
    522.03      7.68197E-04
    526.23      8.85579E-04
    530.46      1.01803E-03
    534.72      1.16705E-03
    539.02      1.33425E-03
    543.35      7.36621E-05
    547.72      8.88700E-05
    552.13      1.06822E-04
    556.56      1.27932E-04
    561.04      1.52672E-04
    565.55      1.81693E-04
    570.09      2.15488E-04
    574.68      2.54619E-04
    579.30      2.99861E-04
    583.95      3.51918E-04
    588.65      4.11705E-04
    593.38      4.80103E-04
    598.15      5.58162E-04
    602.96      6.47005E-04
    607.80      7.47806E-04
    612.69      8.61838E-04
    617.61      9.90489E-04
    622.58      1.13535E-03
    627.58      1.29790E-03
    632.63      1.48136E-03
    637.71      1.68638E-03
    642.84      1.91772E-03
    648.01      2.17527E-03
    653.22      2.46348E-03
    658.47      2.78292E-03
    663.76      3.13608E-03
    669.10      3.52549E-03
    674.47      3.93830E-03
    679.90      4.38901E-03
    685.36      4.86510E-03
    690.87      5.38135E-03
    696.42      5.93604E-03
    702.02      6.53555E-03
    707.67      7.22546E-03
    713.35      7.97533E-03
    719.09      8.82024E-03
    724.87      9.73677E-03
    730.70      1.07258E-02
    736.57      1.17913E-02
    742.49      1.29373E-02
    748.46      1.41670E-02
    754.48      1.54847E-02
    760.54      1.68935E-02
    766.65      1.84017E-02
    772.82      2.00092E-02
    779.03      2.17339E-02
    785.29      2.35676E-02
    791.60      2.55250E-02
    797.97      2.75995E-02
    804.38      2.97934E-02
    810.85      3.21092E-02
    817.37      3.45497E-02
    823.94      3.71174E-02
    830.56      3.98150E-02
    837.24      4.26447E-02
    843.97      4.55949E-02
    850.75      4.86784E-02
    857.59      5.18820E-02
    864.48      5.52201E-02
    871.43      5.86797E-02
    878.44      6.22746E-02
    885.50      6.60064E-02
    892.62      6.98766E-02
    899.79      7.38849E-02
    907.03      7.80313E-02
    914.32      8.23159E-02
    921.67      8.67379E-02
    929.07      9.13787E-02
    936.54      9.61730E-02
    944.07      0.10113    
    951.66      0.10623    
    959.31      0.11149    
    967.02      0.11689    
    974.80      0.12242    
    982.63      0.12810    
    990.53      0.13390    
    998.49      0.13983    
    1006.5      0.14588    
    1014.6      0.15206    
    1022.8      0.15832    
    1031.0      0.16470    
    1039.3      0.17123    
    1047.6      0.17789    
    1056.1      0.18471    
    1064.5      0.19165    
    1073.1      0.19869    
    1081.7      0.20583    
    1090.4      0.21306    
    1099.2      0.22037    
    1108.0      0.22778    
    1116.9      0.23526    
    1125.9      0.24281    
    1135.0      0.25043    
    1144.1      0.25812    
    1153.3      0.26586    
    1162.5      0.27366    
    1171.9      0.28152    
    1181.3      0.28942    
    1190.8      0.29736    
    1200.4      0.30534    
    1210.0      0.31335    
    1219.8      0.32139    
    1229.6      0.32945    
    1239.4      0.33757    
    1249.4      0.34572    
    1259.5      0.35391    
    1269.6      0.36212    
    1279.8      0.37039    
    1290.1      0.37867    
    1300.4      0.38694    
    1310.9      0.39520    
    1321.4      0.40345    
    1332.1      0.41168    
    1342.8      0.41989    
    1353.6      0.42808    
    1364.4      0.43624    
    1375.4      0.44436    
    1386.5      0.45245    
    1397.6      0.46051    
    1408.8      0.46852    
    1420.2      0.47649    
    1431.6      0.48442    
    1443.1      0.49229    
    1454.7      0.50012    
    1466.4      0.50790    
    1478.2      0.51564    
    1490.0      0.52332    
    1502.0      0.53098    
    1514.1      0.53860    
    1526.3      0.54616    
    1538.5      0.55365    
    1550.9      0.56107    
    1563.4      0.56842    
    1575.9      0.57570    
    1588.6      0.58291    
    1601.4      0.59004    
    1614.3      0.59709    
    1627.2      0.60407    
    1640.3      0.61097    
    1653.5      0.61779    
    1666.8      0.62453    
    1680.2      0.63119    
    1693.7      0.63776    
    1707.3      0.64426    
    1721.0      0.65067    
    1734.9      0.65703    
    1748.8      0.66332    
    1762.9      0.66954    
    1777.0      0.67567    
    1791.3      0.68173    
    1805.7      0.68771    
    1820.2      0.69360    
    1834.9      0.69941    
    1849.6      0.70513    
    1864.5      0.71076    
    1879.5      0.71631    
    1894.6      0.72178    
    1909.8      0.72716    
    1925.2      0.73246    
    1940.6      0.73767    
    1956.2      0.74280    
    1972.0      0.74785    
    1987.8      0.75281    
    2003.8      0.75767    
    2019.9      0.76244    
    2036.1      0.76717    
    2052.5      0.77184    
    2069.0      0.77643    
    2085.6      0.78094    
    2102.4      0.78538    
    2119.3      0.78975    
    2136.3      0.79404    
    2153.5      0.79825    
    2170.8      0.80239    
    2188.3      0.80646    
    2205.9      0.81046    
    2223.6      0.81439    
    2241.5      0.81825    
    2259.5      0.82203    
    2277.7      0.82575    
    2296.0      0.82940    
    2314.4      0.83299    
    2333.0      0.83650    
    2351.8      0.83996    
    2370.7      0.84335    
    2389.7      0.84668    
    2409.0      0.84994    
    2428.3      0.85314    
    2447.8      0.85628    
    2467.5      0.85936    
    2487.3      0.86238    
    2507.3      0.86535    
    2527.5      0.86825    
    2547.8      0.87110    
    2568.3      0.87389    
    2588.9      0.87663    
    2609.8      0.87932    
    2630.7      0.88195    
    2651.9      0.88453    
    2673.2      0.88706    
    2694.7      0.88954    
    2716.3      0.89197    
    2738.2      0.89434    
    2760.2      0.89668    
    2782.4      0.89896    
    2804.7      0.90120    
    2827.3      0.90339    
    2850.0      0.90553    
    2872.9      0.90764    
    2896.0      0.90970    
    2919.3      0.91171    
    2942.8      0.91369    
    2966.4      0.91562    
    2990.3      0.91752    
    3014.3      0.91937    
    3038.5      0.92119    
    3063.0      0.92296    
    3087.6      0.92470    
    3112.4      0.92641    
    3137.4      0.92808    
    3162.6      0.92971    
    3188.1      0.93131    
    3213.7      0.93287    
    3239.5      0.93440    
    3265.6      0.93590    
    3291.8      0.93736    
    3318.3      0.93880    
    3345.0      0.94020    
    3371.8      0.94157    
    3398.9      0.94291    
    3426.3      0.94423    
    3453.8      0.94551    
    3481.6      0.94677    
    3509.6      0.94800    
    3537.8      0.94920    
    3566.2      0.95038    
    3594.9      0.95153    
    3623.8      0.95266    
    3652.9      0.95376    
    3682.3      0.95484    
    3711.9      0.95589    
    3741.7      0.95692    
    3771.8      0.95793    
    3802.1      0.95892    
    3832.7      0.95988    
    3863.5      0.96082    
    3894.5      0.96174    
    3925.8      0.96264    
    3957.4      0.96353    
    3989.2      0.96438    
    4021.3      0.96522    
    4053.6      0.96605    
    4086.2      0.96685    
    4119.0      0.96764    
    4152.1      0.96840    
    4185.5      0.96915    
    4219.2      0.96989    
    4253.1      0.97060    
    4287.3      0.97130    
    4321.7      0.97198    
    4356.5      0.97265    
    4391.5      0.97330    
    4426.8      0.97394    
    4462.4      0.97456    
    4498.2      0.97517    
    4534.4      0.97576    
    4570.9      0.97634    
    4607.6      0.97691    
    4644.6      0.97746    
    4682.0      0.97800    
    4719.6      0.97853    
    4757.6      0.97905    
    4795.8      0.97955    
    4834.3      0.98004    
    4873.2      0.98052    
    4912.4      0.98099    
    4951.9      0.98145    
    4991.7      0.98189    
    5031.8      0.98233    
    5072.2      0.98276    
    5113.0      0.98317    
    5154.1      0.98358    
    5195.6      0.98397    
    5237.3      0.98436    
    5279.4      0.98474    
    5321.9      0.98511    
    5364.6      0.98547    
    5407.8      0.98582    
    5451.2      0.98616    
    5495.0      0.98650    
    5539.2      0.98683    
    5583.8      0.98715    
    5628.6      0.98746    
    5673.9      0.98776    
    5719.5      0.98806    
    5765.5      0.98835    
    5811.8      0.98863    
    5858.5      0.98891    
    5905.6      0.98918    
    5953.1      0.98944    
    6001.0      0.98970    
    6049.2      0.98995    
    6097.8      0.99019    
    6146.8      0.99043    
    6196.2      0.99067    
    6246.1      0.99089    
    6296.3      0.99112    
    6346.9      0.99133    
    6397.9      0.99155    
    6449.3      0.99175    
    6501.2      0.99195    
    6553.4      0.99215    
    6606.1      0.99234    
    6659.2      0.99253    
    6712.7      0.99271    
    6766.7      0.99289    
    6821.1      0.99306    
    6875.9      0.99323    
    6931.2      0.99340    
    6986.9      0.99356    
    7043.1      0.99372    
    7099.7      0.99387    
    7156.8      0.99402    
    7214.3      0.99417    
    7272.3      0.99431    
    7330.7      0.99445    
    7389.7      0.99459    
    7449.1      0.99472    
    7509.0      0.99485    
    7569.3      0.99497    
    7630.2      0.99510    
    7691.5      0.99522    
    7753.3      0.99534    
    7815.6      0.99545    
    7878.5      0.99556    
    7941.8      0.99567    
    8005.6      0.99578    
    8070.0      0.99588    
    8134.9      0.99598    
    8200.3      0.99608    
    8266.2      0.99617    
    8332.6      0.99627    
    8399.6      0.99636    
    8467.1      0.99645    
    8535.2      0.99654    
    8603.8      0.99662    
    8673.0      0.99670    
    8742.7      0.99678    
    8813.0      0.99686    
    8883.8      0.99694    
    8955.2      0.99701    
    9027.2      0.99709    
    9099.8      0.99716    
    9172.9      0.99723    
    9246.7      0.99729    
    9321.0      0.99736    
    9395.9      0.99742    
    9471.4      0.99749    
    9547.6      0.99755    
    9624.3      0.99761    
    9701.7      0.99767    
    9779.7      0.99772    
    9858.3      0.99778    
    9937.5      0.99783    
    10017.      0.99788    
    10098.      0.99794    
    10179.      0.99799    
    10261.      0.99803    
    10343.      0.99808    
    10427.      0.99813    
    10510.      0.99817    
    10595.      0.99822    
    10680.      0.99826    
    10766.      0.99830    
    10852.      0.99834    
    10940.      0.99838    
    11028.      0.99842    
    11116.      0.99846    
    11206.      0.99850    
    11296.      0.99853    
    11386.      0.99857    
    11478.      0.99860    
    11570.      0.99863    
    11663.      0.99867    
    11757.      0.99870    
    11852.      0.99873    
    11947.      0.99876    
    12043.      0.99879    
    12140.      0.99882    
    12237.      0.99884    
    12336.      0.99887    
    12435.      0.99890    
    12535.      0.99892    
    12635.      0.99895    
    12737.      0.99897    
    12839.      0.99899    
    12943.      0.99902    
    13047.      0.99904    
    13152.      0.99906    
    13257.      0.99908    
    13364.      0.99910    
    13471.      0.99912    
    13580.      0.99914    
    13689.      0.99916    
    13799.      0.99918    
    13910.      0.99920    
    14022.      0.99922    
    14134.      0.99924    
    14248.      0.99925    
    14362.      0.99927    
    14478.      0.99928    
    14594.      0.99930    
    14712.      0.99932    
    14830.      0.99933    
    14949.      0.99934    
    15069.      0.99936    
    15190.      0.99937    
    15312.      0.99939    
    15435.      0.99940    
    15560.      0.99941    
    15685.      0.99942    
    15811.      0.99944    
    15938.      0.99945    
    16066.      0.99946    
    16195.      0.99947    
    16325.      0.99948    
    16456.      0.99949    
    16589.      0.99950    
    16722.      0.99951    
    16857.      0.99952    
    16992.      0.99953    
    17129.      0.99954    
    17266.      0.99955    
    17405.      0.99956    
    17545.      0.99957    
    17686.      0.99957    
    17828.      0.99958    
    17972.      0.99959    
    18116.      0.99960    
    18262.      0.99960    
    18408.      0.99961    
    18556.      0.99962    
    18706.      0.99963    
    18856.      0.99963    
    19008.      0.99964    
    19160.      0.99964    
    19314.      0.99965    
    19470.      0.99966    
    19626.      0.99966    
    19784.      0.99967    
    19943.      0.99967    
    20103.      0.99968    
    20265.      0.99968    
    20428.      0.99969    
    20592.      0.99969    
    20757.      0.99970    
    20924.      0.99970    
    21092.      0.99971    
    21262.      0.99971    
    21433.      0.99972    
    21605.      0.99972    
    21779.      0.99973    
    21954.      0.99973    
    22130.      0.99973    
    22308.      0.99974    
    22488.      0.99974    
    22668.      0.99974    
    22851.      0.99975    
    23034.      0.99975    
    23220.      0.99975    
    23406.      0.99976    
    23594.      0.99976    
    23784.      0.99976    
    23975.      0.99977    
    24168.      0.99977    
    24362.      0.99977    
    24558.      0.99978    
    24755.      0.99978    
    24954.      0.99978    
    25155.      0.99978    
    25357.      0.99979    
    25561.      0.99979    
    25767.      0.99979    
    25974.      0.99979    
    26182.      0.99980    
    26393.      0.99980    
    26605.      0.99980    
    26819.      0.99980    
    27035.      0.99980    
    27252.      0.99981    
    27471.      0.99981    
    27692.      0.99981    
    27914.      0.99981    
    28139.      0.99981    
    28365.      0.99981    
    28593.      0.99982    
    28823.      0.99982    
    29054.      0.99982    
    29288.      0.99982    
    29523.      0.99982    
    29761.      0.99982    
    30000.      0.99982    
