# material=Al density=2.7
# Photon Energy [eV]  Attenuation Length [um]
1.000000e+01 7.611728e-03
1.016170e+01 7.890810e-03
1.032610e+01 8.180190e-03
1.049310e+01 8.480121e-03
1.066280e+01 8.791052e-03
1.083530e+01 9.113426e-03
1.101060e+01 9.447615e-03
1.118860e+01 9.761387e-03
1.136960e+01 1.003178e-02
1.155350e+01 1.030968e-02
1.174040e+01 1.059526e-02
1.193030e+01 1.088871e-02
1.212320e+01 1.119026e-02
1.231930e+01 1.150023e-02
1.251860e+01 1.181883e-02
1.272100e+01 1.224707e-02
1.292680e+01 1.271822e-02
1.313590e+01 1.320744e-02
1.334830e+01 1.372871e-02
1.356420e+01 1.441867e-02
1.378360e+01 1.519951e-02
1.400660e+01 1.614150e-02
1.423310e+01 1.717890e-02
1.446330e+01 1.894443e-02
1.469730e+01 2.567390e-02
1.493500e+01 3.932034e-02
1.517650e+01 5.916374e-02
1.542200e+01 8.329653e-02
1.567140e+01 1.000335e-01
1.592490e+01 1.160049e-01
1.618250e+01 1.345261e-01
1.644420e+01 1.579717e-01
1.671020e+01 1.858519e-01
1.698050e+01 2.051933e-01
1.725510e+01 2.262741e-01
1.753420e+01 2.472900e-01
1.781780e+01 2.631300e-01
1.810600e+01 2.799829e-01
1.839890e+01 2.979169e-01
1.869640e+01 3.169994e-01
1.899880e+01 3.388155e-01
1.930610e+01 3.622184e-01
1.961840e+01 3.872385e-01
1.993570e+01 4.139818e-01
2.025820e+01 4.383412e-01
2.058580e+01 4.403820e-01
2.091880e+01 4.424361e-01
2.125710e+01 4.444963e-01
2.160090e+01 4.465696e-01
2.195030e+01 4.486530e-01
2.230530e+01 4.507416e-01
2.266610e+01 4.528458e-01
2.303270e+01 4.549532e-01
2.340530e+01 4.528070e-01
2.378380e+01 4.471469e-01
2.416850e+01 4.415539e-01
2.455940e+01 4.360323e-01
2.495660e+01 4.305813e-01
2.536030e+01 4.251991e-01
2.577050e+01 4.206285e-01
2.618730e+01 4.195054e-01
2.661090e+01 4.183860e-01
2.704130e+01 4.172713e-01
2.747860e+01 4.161557e-01
2.792310e+01 4.150475e-01
2.837470e+01 4.139382e-01
2.883370e+01 4.128334e-01
2.930000e+01 4.117325e-01
2.977390e+01 4.106334e-01
3.025550e+01 4.095385e-01
3.074490e+01 4.084453e-01
3.124210e+01 4.073551e-01
3.174750e+01 4.062693e-01
3.226090e+01 4.051842e-01
3.278270e+01 4.046814e-01
3.331300e+01 4.066136e-01
3.385180e+01 4.085577e-01
3.439930e+01 4.105089e-01
3.495570e+01 4.124707e-01
3.552110e+01 4.144410e-01
3.609560e+01 4.164220e-01
3.667940e+01 4.184109e-01
3.727270e+01 4.204089e-01
3.787550e+01 4.224170e-01
3.848820e+01 4.244365e-01
3.911070e+01 4.264652e-01
3.974320e+01 4.285022e-01
4.038610e+01 4.305489e-01
4.103930e+01 4.330221e-01
4.170310e+01 4.373021e-01
4.237760e+01 4.416254e-01
4.306300e+01 4.459909e-01
4.375950e+01 4.503994e-01
4.446730e+01 4.548517e-01
4.518650e+01 4.593473e-01
4.591740e+01 4.638901e-01
4.666000e+01 4.684746e-01
4.741470e+01 4.731057e-01
4.818160e+01 4.851589e-01
4.896090e+01 5.009457e-01
4.975280e+01 5.172468e-01
5.055760e+01 5.340776e-01
5.137530e+01 5.514558e-01
5.220620e+01 5.694004e-01
5.305060e+01 5.879284e-01
5.390870e+01 6.045621e-01
5.478060e+01 6.199907e-01
5.566670e+01 6.358130e-01
5.656700e+01 6.520388e-01
5.748200e+01 6.686780e-01
5.841170e+01 6.857443e-01
5.935640e+01 7.032422e-01
6.031650e+01 7.154525e-01
6.129210e+01 7.255931e-01
6.228340e+01 7.358758e-01
6.329080e+01 7.463078e-01
6.431450e+01 7.335349e-01
6.535470e+01 7.191294e-01
6.641180e+01 7.050071e-01
6.748590e+01 6.911581e-01
6.857750e+01 6.799521e-01
6.968670e+01 6.692256e-01
7.081380e+01 6.586664e-01
7.195910e+01 6.482750e-01
7.260000e+01 6.426035e-01
7.280000e+01 5.661077e-02
7.312300e+01 5.599739e-02
7.430570e+01 5.383026e-02
7.550760e+01 5.174698e-02
7.672890e+01 4.974447e-02
7.796990e+01 4.781918e-02
7.923100e+01 4.596850e-02
8.051250e+01 4.418953e-02
8.181470e+01 4.261942e-02
8.313800e+01 4.111279e-02
8.448270e+01 3.965946e-02
8.584910e+01 3.825748e-02
8.723770e+01 3.735725e-02
8.864870e+01 3.699394e-02
9.008250e+01 3.663418e-02
9.153950e+01 3.627793e-02
9.302010e+01 3.592513e-02
9.452460e+01 3.557579e-02
9.605350e+01 3.522985e-02
9.760710e+01 3.488729e-02
9.918580e+01 3.454799e-02
1.007900e+02 3.421205e-02
1.024200e+02 3.387925e-02
1.040770e+02 3.358056e-02
1.057600e+02 3.336013e-02
1.074710e+02 3.314136e-02
1.092090e+02 3.292384e-02
1.109750e+02 3.270769e-02
1.127700e+02 3.249310e-02
1.145940e+02 3.227992e-02
1.164480e+02 3.206826e-02
1.183310e+02 3.185770e-02
1.202450e+02 3.164870e-02
1.221900e+02 3.144108e-02
1.241660e+02 3.123472e-02
1.261750e+02 3.154904e-02
1.282150e+02 3.201328e-02
1.302890e+02 3.248464e-02
1.323970e+02 3.296298e-02
1.345380e+02 3.344813e-02
1.367140e+02 3.394054e-02
1.389250e+02 3.444012e-02
1.411720e+02 3.494711e-02
1.434560e+02 3.546172e-02
1.457760e+02 3.598371e-02
1.481340e+02 3.651343e-02
1.505300e+02 3.705099e-02
1.529640e+02 3.774837e-02
1.554390e+02 3.846391e-02
1.579530e+02 3.919276e-02
1.605070e+02 3.993526e-02
1.631030e+02 4.069201e-02
1.657420e+02 4.146336e-02
1.684220e+02 4.224890e-02
1.711460e+02 4.304945e-02
1.739150e+02 4.386541e-02
1.767270e+02 4.469643e-02
1.795860e+02 4.578536e-02
1.824910e+02 4.746133e-02
1.854420e+02 4.919843e-02
1.884420e+02 5.099950e-02
1.914890e+02 5.286599e-02
1.945870e+02 5.480134e-02
1.977340e+02 5.680722e-02
2.009320e+02 5.888682e-02
2.041820e+02 6.107262e-02
2.074850e+02 6.333965e-02
2.108400e+02 6.569046e-02
2.142510e+02 6.812909e-02
2.177160e+02 7.065776e-02
2.212370e+02 7.328032e-02
2.248160e+02 7.588698e-02
2.284520e+02 7.828707e-02
2.321470e+02 8.076324e-02
2.359020e+02 8.331787e-02
2.397170e+02 8.595282e-02
2.435950e+02 8.867183e-02
2.475350e+02 9.147639e-02
2.515380e+02 9.436958e-02
2.556070e+02 9.735465e-02
2.597410e+02 1.004338e-01
2.639420e+02 1.036103e-01
2.682110e+02 1.070751e-01
2.725490e+02 1.114934e-01
2.769570e+02 1.160939e-01
2.814370e+02 1.208846e-01
2.859890e+02 1.258726e-01
2.906150e+02 1.310670e-01
2.953150e+02 1.364749e-01
3.000920e+02 1.421066e-01
3.049450e+02 1.479699e-01
3.098780e+02 1.540763e-01
3.148900e+02 1.604339e-01
3.199830e+02 1.670540e-01
3.251580e+02 1.739469e-01
3.304180e+02 1.811249e-01
3.357620e+02 1.885988e-01
3.411920e+02 1.963807e-01
3.467110e+02 2.044841e-01
3.523190e+02 2.129220e-01
3.580170e+02 2.217075e-01
3.638080e+02 2.301525e-01
3.696920e+02 2.386882e-01
3.756720e+02 2.475415e-01
3.817480e+02 2.567216e-01
3.879220e+02 2.662431e-01
3.941970e+02 2.761175e-01
4.005730e+02 2.863584e-01
4.070520e+02 2.969788e-01
4.136350e+02 3.079927e-01
4.203260e+02 3.194165e-01
4.271240e+02 3.312617e-01
4.340320e+02 3.435475e-01
4.410520e+02 3.571146e-01
4.481860e+02 3.715975e-01
4.554350e+02 3.866440e-01
4.628020e+02 4.023055e-01
4.702870e+02 4.186049e-01
4.778940e+02 4.355614e-01
4.856230e+02 4.532090e-01
4.934780e+02 4.716098e-01
5.014590e+02 4.909330e-01
5.095700e+02 5.113687e-01
5.178120e+02 5.327928e-01
5.261870e+02 5.550605e-01
5.346980e+02 5.781635e-01
5.433460e+02 6.021779e-01
5.521340e+02 6.271816e-01
5.610650e+02 6.537659e-01
5.701390e+02 6.817882e-01
5.793610e+02 7.113826e-01
5.887320e+02 7.423413e-01
5.982540e+02 7.747048e-01
6.079300e+02 8.084749e-01
6.177630e+02 8.437206e-01
6.277550e+02 8.805667e-01
6.379080e+02 9.197670e-01
6.482260e+02 9.618941e-01
6.587110e+02 1.006774e+00
6.693650e+02 1.053718e+00
6.801910e+02 1.099730e+00
6.911930e+02 1.145229e+00
7.023720e+02 1.191917e+00
7.137330e+02 1.242822e+00
7.252770e+02 1.297585e+00
7.370080e+02 1.354744e+00
7.489280e+02 1.414437e+00
7.610420e+02 1.476777e+00
7.733510e+02 1.542016e+00
7.858590e+02 1.610609e+00
7.985700e+02 1.682650e+00
8.114860e+02 1.757921e+00
8.246110e+02 1.836598e+00
8.379490e+02 1.918798e+00
8.515020e+02 2.004692e+00
8.652740e+02 2.094561e+00
8.792690e+02 2.188607e+00
8.934910e+02 2.286863e+00
9.079430e+02 2.389513e+00
9.226280e+02 2.496751e+00
9.375510e+02 2.609194e+00
9.527150e+02 2.726678e+00
9.681240e+02 2.849425e+00
9.837830e+02 2.977830e+00
9.996950e+02 3.111614e+00
1.015860e+03 3.250921e+00
1.032290e+03 3.392275e+00
1.048990e+03 3.542689e+00
1.065960e+03 3.703142e+00
1.083200e+03 3.870913e+00
1.100720e+03 4.046282e+00
1.118520e+03 4.229584e+00
1.136610e+03 4.421160e+00
1.155000e+03 4.621477e+00
1.173680e+03 4.830857e+00
1.192660e+03 5.049687e+00
1.211950e+03 5.278452e+00
1.231550e+03 5.517568e+00
1.251470e+03 5.765877e+00
1.271720e+03 6.023493e+00
1.292290e+03 6.290138e+00
1.313190e+03 6.568627e+00
1.334430e+03 6.859461e+00
1.356010e+03 7.163149e+00
1.377940e+03 7.480263e+00
1.400230e+03 7.811436e+00
1.422880e+03 8.157202e+00
1.445890e+03 8.518319e+00
1.469280e+03 8.898804e+00
1.493040e+03 9.301592e+00
1.517190e+03 9.746259e+00
1.541730e+03 1.021564e+01
1.559500e+03 1.056466e+01
1.559700e+03 8.890281e-01
1.566670e+03 8.984439e-01
1.592010e+03 9.331690e-01
1.617760e+03 9.692312e-01
1.643920e+03 1.006669e+00
1.670510e+03 1.045569e+00
1.697530e+03 1.085971e+00
1.724990e+03 1.127940e+00
1.752890e+03 1.172945e+00
1.781240e+03 1.220257e+00
1.810050e+03 1.269882e+00
1.839320e+03 1.321522e+00
1.869070e+03 1.375268e+00
1.899300e+03 1.431209e+00
1.930020e+03 1.489411e+00
1.961240e+03 1.549980e+00
1.992960e+03 1.613011e+00
2.025200e+03 1.677530e+00
2.057950e+03 1.747301e+00
2.091240e+03 1.820450e+00
2.125060e+03 1.896952e+00
2.159430e+03 1.976900e+00
2.194360e+03 2.060704e+00
2.229850e+03 2.148257e+00
2.265920e+03 2.239918e+00
2.302570e+03 2.335788e+00
2.339810e+03 2.436064e+00
2.377660e+03 2.541100e+00
2.416110e+03 2.650898e+00
2.455190e+03 2.765781e+00
2.494900e+03 2.886170e+00
2.535260e+03 3.012078e+00
2.576260e+03 3.143818e+00
2.617930e+03 3.281665e+00
2.660270e+03 3.426011e+00
2.703300e+03 3.576981e+00
2.747030e+03 3.735220e+00
2.791460e+03 3.900739e+00
2.836610e+03 4.073984e+00
2.882490e+03 4.255379e+00
2.929110e+03 4.445268e+00
2.976480e+03 4.644092e+00
3.024630e+03 4.852188e+00
3.073550e+03 5.070133e+00
3.123260e+03 5.298320e+00
3.173780e+03 5.537217e+00
3.225110e+03 5.787361e+00
3.277270e+03 6.049267e+00
3.330280e+03 6.323716e+00
3.384150e+03 6.611021e+00
3.438880e+03 6.911821e+00
3.494500e+03 7.226863e+00
3.551020e+03 7.556973e+00
3.608460e+03 7.902642e+00
3.666820e+03 8.264667e+00
3.726130e+03 8.643974e+00
3.786400e+03 9.041225e+00
3.847640e+03 9.457278e+00
3.909870e+03 9.893177e+00
3.973110e+03 1.034972e+01
4.037380e+03 1.082831e+01
4.102680e+03 1.132949e+01
4.169030e+03 1.185462e+01
4.236460e+03 1.240476e+01
4.304980e+03 1.298111e+01
4.374620e+03 1.358528e+01
4.445370e+03 1.421807e+01
4.517270e+03 1.488121e+01
4.590330e+03 1.557649e+01
4.664580e+03 1.630465e+01
4.740030e+03 1.706788e+01
4.816690e+03 1.786789e+01
4.894600e+03 1.870585e+01
4.973770e+03 1.958466e+01
5.054210e+03 2.050537e+01
5.135960e+03 2.147020e+01
5.219030e+03 2.248238e+01
5.303440e+03 2.354256e+01
5.389220e+03 2.465389e+01
5.476390e+03 2.581864e+01
5.564970e+03 2.704091e+01
5.654980e+03 2.832079e+01
5.746440e+03 2.966241e+01
5.839390e+03 3.106916e+01
5.933830e+03 3.254379e+01
6.029810e+03 3.409191e+01
6.127330e+03 3.571176e+01
6.226440e+03 3.741282e+01
6.327150e+03 3.919574e+01
6.429480e+03 4.106510e+01
6.533480e+03 4.302526e+01
6.639150e+03 4.508087e+01
6.746540e+03 4.723590e+01
6.855650e+03 4.949633e+01
6.966540e+03 5.186652e+01
7.079220e+03 5.435216e+01
7.193720e+03 5.695913e+01
7.310070e+03 5.969331e+01
7.428310e+03 6.256117e+01
7.548450e+03 6.556884e+01
7.670540e+03 6.872408e+01
7.794610e+03 7.203317e+01
7.920680e+03 7.550506e+01
8.048790e+03 7.914557e+01
8.178980e+03 8.296515e+01
8.311260e+03 8.697282e+01
8.445690e+03 9.117585e+01
8.582290e+03 9.558797e+01
8.721110e+03 1.002151e+02
8.862160e+03 1.050688e+02
9.005500e+03 1.101633e+02
9.151160e+03 1.155098e+02
9.299170e+03 1.211177e+02
9.449580e+03 1.270039e+02
9.602420e+03 1.331764e+02
9.757730e+03 1.396598e+02
9.915550e+03 1.464565e+02
1.007590e+04 1.535938e+02
1.023890e+04 1.610863e+02
1.040450e+04 1.689488e+02
1.057280e+04 1.772007e+02
1.074380e+04 1.858633e+02
1.091760e+04 1.949569e+02
1.109420e+04 2.045029e+02
1.127360e+04 2.145221e+02
1.145590e+04 2.250416e+02
1.164120e+04 2.360850e+02
1.182950e+04 2.476812e+02
1.202080e+04 2.598565e+02
1.221530e+04 2.726432e+02
1.241280e+04 2.860663e+02
1.261360e+04 3.001637e+02
1.281760e+04 3.149681e+02
1.302500e+04 3.305189e+02
1.323560e+04 3.468480e+02
1.344970e+04 3.640011e+02
1.366720e+04 3.820176e+02
1.388830e+04 4.009455e+02
1.411290e+04 4.208279e+02
1.434120e+04 4.417178e+02
1.457310e+04 4.636637e+02
1.480890e+04 4.867270e+02
1.504840e+04 5.109584e+02
1.529180e+04 5.364229e+02
1.553910e+04 5.631828e+02
1.579040e+04 5.913094e+02
1.604580e+04 6.208733e+02
1.630540e+04 6.519533e+02
1.656910e+04 6.846217e+02
1.683710e+04 7.189691e+02
1.710940e+04 7.550820e+02
1.738610e+04 7.930540e+02
1.766740e+04 8.329923e+02
1.795310e+04 8.749890e+02
1.824350e+04 9.191644e+02
1.853860e+04 9.656332e+02
1.883840e+04 1.014516e+03
1.914310e+04 1.065947e+03
1.945270e+04 1.120064e+03
1.976740e+04 1.177022e+03
2.008710e+04 1.237313e+03
2.041200e+04 1.300371e+03
2.074210e+04 1.366672e+03
2.107760e+04 1.436394e+03
2.141850e+04 1.509707e+03
2.176500e+04 1.586805e+03
2.211700e+04 1.667881e+03
2.247470e+04 1.753138e+03
2.283820e+04 1.842805e+03
2.320760e+04 1.937114e+03
2.358300e+04 2.036305e+03
2.396440e+04 2.140626e+03
2.435200e+04 2.250354e+03
2.474590e+04 2.365777e+03
2.514620e+04 2.487193e+03
2.555290e+04 2.614908e+03
2.596620e+04 2.749265e+03
2.638610e+04 2.890600e+03
2.681290e+04 3.039298e+03
2.724660e+04 3.195754e+03
2.768730e+04 3.360352e+03
2.813510e+04 3.533546e+03
2.859020e+04 3.715782e+03
2.905260e+04 3.907548e+03
2.952250e+04 4.109321e+03
3.000000e+04 4.321664e+03
