# material=C density=2.267
# Photon Energy [eV]  Attenuation Length [um]
1.000000e+01 1.560365e-02
1.016170e+01 1.502479e-02
1.032610e+01 1.446752e-02
1.049310e+01 1.393083e-02
1.066280e+01 1.341411e-02
1.083530e+01 1.289965e-02
1.101060e+01 1.235901e-02
1.118860e+01 1.184086e-02
1.136960e+01 1.134459e-02
1.155350e+01 1.086904e-02
1.174040e+01 1.041352e-02
1.193030e+01 9.976994e-03
1.212320e+01 9.601457e-03
1.231930e+01 9.242301e-03
1.251860e+01 8.896628e-03
1.272100e+01 8.563750e-03
1.292680e+01 8.243451e-03
1.313590e+01 7.935092e-03
1.334830e+01 7.638212e-03
1.356420e+01 7.449910e-03
1.378360e+01 7.282828e-03
1.400660e+01 7.119533e-03
1.423310e+01 6.959833e-03
1.446330e+01 6.803714e-03
1.469730e+01 6.677546e-03
1.493500e+01 6.606942e-03
1.517650e+01 6.537076e-03
1.542200e+01 6.467988e-03
1.567140e+01 6.399613e-03
1.592490e+01 6.331974e-03
1.618250e+01 6.284243e-03
1.644420e+01 6.297204e-03
1.671020e+01 6.310204e-03
1.698050e+01 6.323234e-03
1.725510e+01 6.336284e-03
1.753420e+01 6.349365e-03
1.781780e+01 6.372335e-03
1.810600e+01 6.434537e-03
1.839890e+01 6.497346e-03
1.869640e+01 6.560724e-03
1.899880e+01 6.624760e-03
1.930610e+01 6.689413e-03
1.961840e+01 6.754719e-03
1.993570e+01 6.820638e-03
2.025820e+01 6.887219e-03
2.058580e+01 7.014618e-03
2.091880e+01 7.172443e-03
2.125710e+01 7.333773e-03
2.160090e+01 7.498763e-03
2.195030e+01 7.667477e-03
2.230530e+01 7.839966e-03
2.266610e+01 8.016352e-03
2.303270e+01 8.207566e-03
2.340530e+01 8.470471e-03
2.378380e+01 8.741759e-03
2.416850e+01 9.021743e-03
2.455940e+01 9.310708e-03
2.495660e+01 9.608939e-03
2.536030e+01 9.916703e-03
2.577050e+01 1.023435e-02
2.618730e+01 1.056429e-02
2.661090e+01 1.093653e-02
2.704130e+01 1.132193e-02
2.747860e+01 1.172084e-02
2.792310e+01 1.213386e-02
2.837470e+01 1.256140e-02
2.883370e+01 1.300405e-02
2.930000e+01 1.346222e-02
2.977390e+01 1.393660e-02
3.025550e+01 1.444997e-02
3.074490e+01 1.498254e-02
3.124210e+01 1.553474e-02
3.174750e+01 1.610736e-02
3.226090e+01 1.670097e-02
3.278270e+01 1.731650e-02
3.331300e+01 1.795480e-02
3.385180e+01 1.861649e-02
3.439930e+01 1.930264e-02
3.495570e+01 2.001403e-02
3.552110e+01 2.072406e-02
3.609560e+01 2.145412e-02
3.667940e+01 2.220992e-02
3.727270e+01 2.299236e-02
3.787550e+01 2.380235e-02
3.848820e+01 2.464087e-02
3.911070e+01 2.550896e-02
3.974320e+01 2.647363e-02
4.038610e+01 2.753724e-02
4.103930e+01 2.864345e-02
4.170310e+01 2.979416e-02
4.237760e+01 3.099091e-02
4.306300e+01 3.223586e-02
4.375950e+01 3.353097e-02
4.446730e+01 3.487782e-02
4.518650e+01 3.625572e-02
4.591740e+01 3.744857e-02
4.666000e+01 3.868061e-02
4.741470e+01 3.995313e-02
4.818160e+01 4.126744e-02
4.896090e+01 4.262504e-02
4.975280e+01 4.402746e-02
5.055760e+01 4.547608e-02
5.137530e+01 4.697237e-02
5.220620e+01 4.851775e-02
5.305060e+01 5.011371e-02
5.390870e+01 5.159635e-02
5.478060e+01 5.298590e-02
5.566670e+01 5.441315e-02
5.656700e+01 5.587885e-02
5.748200e+01 5.738423e-02
5.841170e+01 5.892960e-02
5.935640e+01 6.051695e-02
6.031650e+01 6.214704e-02
6.129210e+01 6.395884e-02
6.228340e+01 6.617578e-02
6.329080e+01 6.846936e-02
6.431450e+01 7.084295e-02
6.535470e+01 7.329887e-02
6.641180e+01 7.583969e-02
6.748590e+01 7.846835e-02
6.857750e+01 8.118844e-02
6.968670e+01 8.400240e-02
7.081380e+01 8.691465e-02
7.195910e+01 8.992726e-02
7.312300e+01 9.304416e-02
7.430570e+01 9.626942e-02
7.550760e+01 9.960647e-02
7.672890e+01 1.030591e-01
7.796990e+01 1.066316e-01
7.923100e+01 1.103276e-01
8.051250e+01 1.141520e-01
8.181470e+01 1.181088e-01
8.313800e+01 1.222029e-01
8.448270e+01 1.264388e-01
8.584910e+01 1.308216e-01
8.723770e+01 1.353563e-01
8.864870e+01 1.400483e-01
9.008250e+01 1.449028e-01
9.153950e+01 1.499256e-01
9.302010e+01 1.551226e-01
9.452460e+01 1.604995e-01
9.605350e+01 1.660630e-01
9.760710e+01 1.718194e-01
9.918580e+01 1.777752e-01
1.007900e+02 1.839375e-01
1.024200e+02 1.903130e-01
1.040770e+02 1.969107e-01
1.057600e+02 2.037357e-01
1.074710e+02 2.107986e-01
1.092090e+02 2.181050e-01
1.109750e+02 2.256643e-01
1.127700e+02 2.334870e-01
1.145940e+02 2.415808e-01
1.164480e+02 2.499558e-01
1.183310e+02 2.586189e-01
1.202450e+02 2.675836e-01
1.221900e+02 2.768596e-01
1.241660e+02 2.864554e-01
1.261750e+02 2.963865e-01
1.282150e+02 3.066590e-01
1.302890e+02 3.172890e-01
1.323970e+02 3.282892e-01
1.345380e+02 3.405079e-01
1.367140e+02 3.531832e-01
1.389250e+02 3.663304e-01
1.411720e+02 3.799684e-01
1.434560e+02 3.941148e-01
1.457760e+02 4.087858e-01
1.481340e+02 4.240042e-01
1.505300e+02 4.397876e-01
1.529640e+02 4.561587e-01
1.554390e+02 4.731426e-01
1.579530e+02 4.907555e-01
1.605070e+02 5.090224e-01
1.631030e+02 5.279714e-01
1.657420e+02 5.476286e-01
1.684220e+02 5.680122e-01
1.711460e+02 5.891568e-01
1.739150e+02 6.110931e-01
1.767270e+02 6.338374e-01
1.795860e+02 6.574369e-01
1.824910e+02 6.819114e-01
1.854420e+02 7.072946e-01
1.884420e+02 7.391238e-01
1.914890e+02 7.724909e-01
1.945870e+02 8.073735e-01
1.977340e+02 8.438232e-01
2.009320e+02 8.819227e-01
2.041820e+02 9.217429e-01
2.074850e+02 9.633614e-01
2.108400e+02 1.006854e+00
2.142510e+02 1.052320e+00
2.177160e+02 1.099831e+00
2.212370e+02 1.148564e+00
2.248160e+02 1.197436e+00
2.284520e+02 1.248379e+00
2.321470e+02 1.301497e+00
2.359020e+02 1.356874e+00
2.397170e+02 1.414600e+00
2.435950e+02 1.474791e+00
2.475350e+02 1.541482e+00
2.515380e+02 1.626722e+00
2.556070e+02 1.716684e+00
2.597410e+02 1.811621e+00
2.639420e+02 1.911807e+00
2.682110e+02 2.017523e+00
2.725490e+02 2.129097e+00
2.769570e+02 2.246841e+00
2.814370e+02 2.371096e+00
2.841000e+02 2.447212e+00
2.843000e+02 8.545418e-02
2.859890e+02 8.658508e-02
2.906150e+02 8.972443e-02
2.953150e+02 9.297715e-02
3.000920e+02 9.634838e-02
3.049450e+02 9.984148e-02
3.098780e+02 1.034613e-01
3.148900e+02 1.072124e-01
3.199830e+02 1.110997e-01
3.251580e+02 1.151275e-01
3.304180e+02 1.193015e-01
3.357620e+02 1.236269e-01
3.411920e+02 1.281090e-01
3.467110e+02 1.327539e-01
3.523190e+02 1.375670e-01
3.580170e+02 1.425540e-01
3.638080e+02 1.477228e-01
3.696920e+02 1.530785e-01
3.756720e+02 1.586290e-01
3.817480e+02 1.647988e-01
3.879220e+02 1.714811e-01
3.941970e+02 1.784356e-01
4.005730e+02 1.856714e-01
4.070520e+02 1.932010e-01
4.136350e+02 2.010349e-01
4.203260e+02 2.091877e-01
4.271240e+02 2.176706e-01
4.340320e+02 2.264975e-01
4.410520e+02 2.356820e-01
4.481860e+02 2.452397e-01
4.554350e+02 2.551851e-01
4.628020e+02 2.655334e-01
4.702870e+02 2.763011e-01
4.778940e+02 2.875052e-01
4.856230e+02 2.991757e-01
4.934780e+02 3.115597e-01
5.014590e+02 3.244553e-01
5.095700e+02 3.378871e-01
5.178120e+02 3.518731e-01
5.261870e+02 3.664385e-01
5.346980e+02 3.816086e-01
5.433460e+02 3.974042e-01
5.521340e+02 4.138548e-01
5.610650e+02 4.309869e-01
5.701390e+02 4.488285e-01
5.793610e+02 4.674072e-01
5.887320e+02 4.867542e-01
5.982540e+02 5.069032e-01
6.079300e+02 5.278874e-01
6.177630e+02 5.497376e-01
6.277550e+02 5.724963e-01
6.379080e+02 5.961922e-01
6.482260e+02 6.208742e-01
6.587110e+02 6.465733e-01
6.693650e+02 6.733412e-01
6.801910e+02 7.005245e-01
6.911930e+02 7.280909e-01
7.023720e+02 7.564872e-01
7.137330e+02 7.885491e-01
7.252770e+02 8.238146e-01
7.370080e+02 8.606504e-01
7.489280e+02 8.991299e-01
7.610420e+02 9.393354e-01
7.733510e+02 9.813481e-01
7.858590e+02 1.025261e+00
7.985700e+02 1.071159e+00
8.114860e+02 1.119121e+00
8.246110e+02 1.169221e+00
8.379490e+02 1.221552e+00
8.515020e+02 1.276392e+00
8.652740e+02 1.333894e+00
8.792690e+02 1.394173e+00
8.934910e+02 1.457160e+00
9.079430e+02 1.522990e+00
9.226280e+02 1.591783e+00
9.375510e+02 1.664053e+00
9.527150e+02 1.739669e+00
9.681240e+02 1.818776e+00
9.837830e+02 1.901534e+00
9.996950e+02 1.988026e+00
1.015860e+03 2.078406e+00
1.032290e+03 2.172688e+00
1.048990e+03 2.272292e+00
1.065960e+03 2.377641e+00
1.083200e+03 2.487763e+00
1.100720e+03 2.603058e+00
1.118520e+03 2.723794e+00
1.136610e+03 2.850002e+00
1.155000e+03 2.982088e+00
1.173680e+03 3.120291e+00
1.192660e+03 3.264825e+00
1.211950e+03 3.416102e+00
1.231550e+03 3.574426e+00
1.251470e+03 3.741068e+00
1.271720e+03 3.916644e+00
1.292290e+03 4.101929e+00
1.313190e+03 4.295849e+00
1.334430e+03 4.498978e+00
1.356010e+03 4.711747e+00
1.377940e+03 4.934537e+00
1.400230e+03 5.167907e+00
1.422880e+03 5.412351e+00
1.445890e+03 5.668301e+00
1.469280e+03 5.936602e+00
1.493040e+03 6.217962e+00
1.517190e+03 6.514324e+00
1.541730e+03 6.825050e+00
1.566670e+03 7.150675e+00
1.592010e+03 7.491809e+00
1.617760e+03 7.849215e+00
1.643920e+03 8.223616e+00
1.670510e+03 8.615912e+00
1.697530e+03 9.026919e+00
1.724990e+03 9.457428e+00
1.752890e+03 9.911525e+00
1.781240e+03 1.038852e+01
1.810050e+03 1.088937e+01
1.839320e+03 1.141425e+01
1.869070e+03 1.196443e+01
1.899300e+03 1.254109e+01
1.930020e+03 1.314559e+01
1.961240e+03 1.377925e+01
1.992960e+03 1.444347e+01
2.025200e+03 1.513466e+01
2.057950e+03 1.586747e+01
2.091240e+03 1.663651e+01
2.125060e+03 1.744331e+01
2.159430e+03 1.829017e+01
2.194360e+03 1.917888e+01
2.229850e+03 2.011175e+01
2.265920e+03 2.109068e+01
2.302570e+03 2.211824e+01
2.339810e+03 2.319645e+01
2.377660e+03 2.432955e+01
2.416110e+03 2.551772e+01
2.455190e+03 2.676523e+01
2.494900e+03 2.807571e+01
2.535260e+03 2.945094e+01
2.576260e+03 3.089438e+01
2.617930e+03 3.241160e+01
2.660270e+03 3.400233e+01
2.703300e+03 3.567557e+01
2.747030e+03 3.743198e+01
2.791460e+03 3.927604e+01
2.836610e+03 4.121072e+01
2.882490e+03 4.324810e+01
2.929110e+03 4.538341e+01
2.976480e+03 4.762827e+01
3.024630e+03 4.998674e+01
3.073550e+03 5.246462e+01
3.123260e+03 5.506797e+01
3.173780e+03 5.780369e+01
3.225110e+03 6.067786e+01
3.277270e+03 6.369879e+01
3.330280e+03 6.687399e+01
3.384150e+03 7.021079e+01
3.438880e+03 7.371822e+01
3.494500e+03 7.740550e+01
3.551020e+03 8.128212e+01
3.608460e+03 8.535892e+01
3.666820e+03 8.964430e+01
3.726130e+03 9.415081e+01
3.786400e+03 9.889020e+01
3.847640e+03 1.038768e+02
3.909870e+03 1.091192e+02
3.973110e+03 1.146348e+02
4.037380e+03 1.203945e+02
4.102680e+03 1.264945e+02
4.169030e+03 1.329122e+02
4.236460e+03 1.396585e+02
4.304980e+03 1.467579e+02
4.374620e+03 1.542239e+02
4.445370e+03 1.620737e+02
4.517270e+03 1.703345e+02
4.590330e+03 1.790253e+02
4.664580e+03 1.881727e+02
4.740030e+03 1.977928e+02
4.816690e+03 2.079135e+02
4.894600e+03 2.185638e+02
4.973770e+03 2.297708e+02
5.054210e+03 2.415623e+02
5.135960e+03 2.539749e+02
5.219030e+03 2.670311e+02
5.303440e+03 2.807794e+02
5.389220e+03 2.952546e+02
5.476390e+03 3.104959e+02
5.564970e+03 3.265379e+02
5.654980e+03 3.434067e+02
5.746440e+03 3.611814e+02
5.839390e+03 3.799049e+02
5.933830e+03 3.996244e+02
6.029810e+03 4.203738e+02
6.127330e+03 4.422121e+02
6.226440e+03 4.652379e+02
6.327150e+03 4.894807e+02
6.429480e+03 5.150108e+02
6.533480e+03 5.419071e+02
6.639150e+03 5.702362e+02
6.746540e+03 6.000840e+02
6.855650e+03 6.315210e+02
6.966540e+03 6.646498e+02
7.079220e+03 6.995679e+02
7.193720e+03 7.363532e+02
7.310070e+03 7.751211e+02
7.428310e+03 8.159643e+02
7.548450e+03 8.590272e+02
7.670540e+03 9.044106e+02
7.794610e+03 9.522396e+02
7.920680e+03 1.002673e+03
8.048790e+03 1.055842e+03
8.178980e+03 1.111893e+03
8.311260e+03 1.170981e+03
8.445690e+03 1.233303e+03
8.582290e+03 1.299007e+03
8.721110e+03 1.368290e+03
8.862160e+03 1.441379e+03
9.005500e+03 1.518475e+03
9.151160e+03 1.599773e+03
9.299170e+03 1.685538e+03
9.449580e+03 1.775984e+03
9.602420e+03 1.871408e+03
9.757730e+03 1.972158e+03
9.915550e+03 2.078388e+03
1.007590e+04 2.190489e+03
1.023890e+04 2.308791e+03
1.040450e+04 2.433627e+03
1.057280e+04 2.565380e+03
1.074380e+04 2.704428e+03
1.091760e+04 2.851195e+03
1.109420e+04 3.006105e+03
1.127360e+04 3.169616e+03
1.145590e+04 3.342211e+03
1.164120e+04 3.524434e+03
1.182950e+04 3.716822e+03
1.202080e+04 3.919908e+03
1.221530e+04 4.134371e+03
1.241280e+04 4.360752e+03
1.261360e+04 4.599831e+03
1.281760e+04 4.852250e+03
1.302500e+04 5.118827e+03
1.323560e+04 5.400247e+03
1.344970e+04 5.697477e+03
1.366720e+04 6.011305e+03
1.388830e+04 6.342739e+03
1.411290e+04 6.692719e+03
1.434120e+04 7.062312e+03
1.457310e+04 7.452555e+03
1.480890e+04 7.864700e+03
1.504840e+04 8.299840e+03
1.529180e+04 8.759326e+03
1.553910e+04 9.244476e+03
1.579040e+04 9.756711e+03
1.604580e+04 1.029748e+04
1.630540e+04 1.086844e+04
1.656910e+04 1.147108e+04
1.683710e+04 1.210727e+04
1.710940e+04 1.277856e+04
1.738610e+04 1.348711e+04
1.766740e+04 1.423471e+04
1.795310e+04 1.502348e+04
1.824350e+04 1.585548e+04
1.853860e+04 1.673304e+04
1.883840e+04 1.765838e+04
1.914310e+04 1.863404e+04
1.945270e+04 1.966236e+04
1.976740e+04 2.074610e+04
2.008710e+04 2.174673e+04
2.041200e+04 2.298326e+04
2.074210e+04 2.428876e+04
2.107760e+04 2.566706e+04
2.141850e+04 2.712210e+04
2.176500e+04 2.865827e+04
2.211700e+04 3.027968e+04
2.247470e+04 3.199115e+04
2.283820e+04 3.379769e+04
2.320760e+04 3.570438e+04
2.358300e+04 3.771683e+04
2.396440e+04 3.984051e+04
2.435200e+04 4.208177e+04
2.474590e+04 4.444685e+04
2.514620e+04 4.694270e+04
2.555290e+04 4.957607e+04
2.596620e+04 5.235476e+04
2.638610e+04 5.528636e+04
2.681290e+04 5.837954e+04
2.724660e+04 6.164305e+04
2.768730e+04 6.508575e+04
2.813510e+04 6.871768e+04
2.859020e+04 7.254915e+04
2.905260e+04 7.659065e+04
2.952250e+04 8.085396e+04
3.000000e+04 8.535058e+04
