# material=Cs density=1.879
# Photon Energy [eV]  Attenuation Length [um]
1.000000e+01 3.914151e+00
1.016170e+01 4.067780e+00
1.032610e+01 4.227483e+00
1.049310e+01 4.393421e+00
1.066280e+01 4.565878e+00
1.083530e+01 4.745129e+00
1.101060e+01 4.421509e+00
1.118860e+01 3.771237e+00
1.136960e+01 3.037973e+00
1.155350e+01 2.846435e+00
1.174040e+01 2.824116e+00
1.193030e+01 2.475620e+00
1.212320e+01 1.910740e+00
1.231930e+01 1.369420e+00
1.251860e+01 9.129921e-01
1.272100e+01 5.826434e-01
1.292680e+01 4.112465e-01
1.313590e+01 2.698748e-01
1.334830e+01 2.191104e-01
1.356420e+01 1.797072e-01
1.378360e+01 1.493255e-01
1.400660e+01 1.254211e-01
1.423310e+01 1.008080e-01
1.446330e+01 8.321440e-02
1.469730e+01 6.738995e-02
1.493500e+01 5.283398e-02
1.517650e+01 3.660560e-02
1.542200e+01 2.907145e-02
1.567140e+01 2.508643e-02
1.592490e+01 2.386685e-02
1.618250e+01 2.270655e-02
1.644420e+01 2.182089e-02
1.671020e+01 2.104401e-02
1.698050e+01 2.052554e-02
1.725510e+01 2.067799e-02
1.753420e+01 2.083156e-02
1.781780e+01 2.098634e-02
1.810600e+01 2.114223e-02
1.839890e+01 2.129929e-02
1.869640e+01 2.191109e-02
1.899880e+01 2.259618e-02
1.930610e+01 2.330281e-02
1.961840e+01 2.403145e-02
1.993570e+01 2.492194e-02
2.025820e+01 2.586763e-02
2.058580e+01 2.684887e-02
2.091880e+01 2.787517e-02
2.125710e+01 2.923184e-02
2.160090e+01 3.065435e-02
2.195030e+01 3.214624e-02
2.230530e+01 3.391365e-02
2.266610e+01 3.585149e-02
2.303270e+01 3.790000e-02
2.340530e+01 4.006584e-02
2.378380e+01 4.231461e-02
2.416850e+01 4.458964e-02
2.455940e+01 4.698702e-02
2.495660e+01 4.951321e-02
2.536030e+01 5.283638e-02
2.577050e+01 5.727584e-02
2.618730e+01 6.208828e-02
2.661090e+01 6.631750e-02
2.704130e+01 7.040569e-02
2.747860e+01 7.474554e-02
2.792310e+01 7.935343e-02
2.837470e+01 8.434562e-02
2.883370e+01 8.977117e-02
2.930000e+01 9.554537e-02
2.977390e+01 1.016912e-01
3.025550e+01 1.080158e-01
3.074490e+01 1.146516e-01
3.124210e+01 1.216946e-01
3.174750e+01 1.291710e-01
3.226090e+01 1.371059e-01
3.278270e+01 1.489647e-01
3.331300e+01 1.625612e-01
3.385180e+01 1.757664e-01
3.439930e+01 1.896658e-01
3.495570e+01 2.046640e-01
3.552110e+01 2.208490e-01
3.609560e+01 2.383123e-01
3.667940e+01 2.571583e-01
3.727270e+01 2.774942e-01
3.787550e+01 2.994371e-01
3.848820e+01 3.231166e-01
3.911070e+01 3.481351e-01
3.974320e+01 3.731377e-01
4.038610e+01 3.999354e-01
4.103930e+01 4.286578e-01
4.170310e+01 4.594418e-01
4.237760e+01 4.890574e-01
4.306300e+01 5.197520e-01
4.375950e+01 5.523687e-01
4.446730e+01 5.870397e-01
4.518650e+01 6.238809e-01
4.591740e+01 6.552204e-01
4.666000e+01 6.870836e-01
4.741470e+01 7.193327e-01
4.818160e+01 7.509554e-01
4.896090e+01 7.839719e-01
4.975280e+01 8.108255e-01
5.055760e+01 8.328480e-01
5.137530e+01 8.554735e-01
5.220620e+01 8.769015e-01
5.305060e+01 8.988336e-01
5.390870e+01 9.213180e-01
5.478060e+01 9.421631e-01
5.566670e+01 9.627204e-01
5.656700e+01 9.837237e-01
5.748200e+01 9.903173e-01
5.841170e+01 9.895278e-01
5.935640e+01 9.888210e-01
6.031650e+01 9.881662e-01
6.129210e+01 9.875080e-01
6.228340e+01 9.868409e-01
6.329080e+01 9.817220e-01
6.431450e+01 9.642334e-01
6.535470e+01 9.470617e-01
6.641180e+01 9.301986e-01
6.748590e+01 9.136257e-01
6.857750e+01 8.973549e-01
6.968670e+01 8.720921e-01
7.081380e+01 8.326017e-01
7.195910e+01 7.873322e-01
7.312300e+01 6.483540e-01
7.430570e+01 3.096036e-01
7.550760e+01 2.292481e-01
7.672890e+01 2.420104e-01
7.796990e+01 2.337569e-01
7.923100e+01 2.048969e-01
8.051250e+01 1.732295e-01
8.181470e+01 1.464570e-01
8.313800e+01 1.241263e-01
8.448270e+01 1.055684e-01
8.584910e+01 8.978424e-02
8.723770e+01 7.826859e-02
8.864870e+01 6.965396e-02
9.008250e+01 6.198719e-02
9.153950e+01 5.516449e-02
9.302010e+01 5.218938e-02
9.452460e+01 4.966479e-02
9.605350e+01 4.726226e-02
9.760710e+01 4.497606e-02
9.918580e+01 4.367381e-02
1.007900e+02 4.318994e-02
1.024200e+02 4.271136e-02
1.040770e+02 4.223834e-02
1.057600e+02 4.177015e-02
1.074710e+02 4.221825e-02
1.092090e+02 4.284672e-02
1.109750e+02 4.348457e-02
1.127700e+02 4.462411e-02
1.145940e+02 4.606730e-02
1.164480e+02 5.001233e-02
1.183310e+02 5.460230e-02
1.202450e+02 5.965619e-02
1.221900e+02 6.556706e-02
1.241660e+02 7.206305e-02
1.261750e+02 8.078943e-02
1.282150e+02 9.206388e-02
1.302890e+02 1.054397e-01
1.323970e+02 1.214433e-01
1.345380e+02 1.399301e-01
1.367140e+02 1.640245e-01
1.389250e+02 1.922674e-01
1.411720e+02 2.268535e-01
1.434560e+02 2.679294e-01
1.457760e+02 3.164396e-01
1.481340e+02 3.729395e-01
1.505300e+02 4.395073e-01
1.529640e+02 5.076294e-01
1.554390e+02 5.764200e-01
1.579530e+02 6.540509e-01
1.605070e+02 7.393437e-01
1.631030e+02 8.357647e-01
1.657420e+02 9.447660e-01
1.684220e+02 1.037344e+00
1.711460e+02 1.132480e+00
1.739150e+02 1.212079e+00
1.767270e+02 1.262547e+00
1.795860e+02 1.315128e+00
1.824910e+02 1.364418e+00
1.854420e+02 1.363084e+00
1.884420e+02 1.349147e+00
1.914890e+02 1.329383e+00
1.945870e+02 1.309924e+00
1.977340e+02 1.309998e+00
2.009320e+02 1.292271e+00
2.041820e+02 1.275469e+00
2.074850e+02 1.254731e+00
2.108400e+02 1.229009e+00
2.142510e+02 1.194391e+00
2.177160e+02 1.159343e+00
2.212370e+02 1.124380e+00
2.248160e+02 1.090390e+00
2.284520e+02 1.057687e+00
2.321470e+02 1.026419e+00
2.359020e+02 9.975577e-01
2.397170e+02 9.705858e-01
2.435950e+02 9.456480e-01
2.475350e+02 9.230851e-01
2.515380e+02 9.023604e-01
2.556070e+02 8.838558e-01
2.597410e+02 8.676122e-01
2.639420e+02 8.526959e-01
2.682110e+02 8.389953e-01
2.725490e+02 8.280404e-01
2.769570e+02 8.182211e-01
2.814370e+02 8.090584e-01
2.859890e+02 8.023767e-01
2.906150e+02 7.966477e-01
2.953150e+02 7.920004e-01
3.000920e+02 7.886784e-01
3.049450e+02 7.863541e-01
3.098780e+02 7.851979e-01
3.148900e+02 7.847953e-01
3.199830e+02 7.853674e-01
3.251580e+02 7.871362e-01
3.304180e+02 7.895144e-01
3.357620e+02 7.926139e-01
3.411920e+02 7.969639e-01
3.467110e+02 8.018646e-01
3.523190e+02 8.072705e-01
3.580170e+02 8.139751e-01
3.638080e+02 8.214271e-01
3.696920e+02 8.293228e-01
3.756720e+02 8.378790e-01
3.817480e+02 8.474141e-01
3.879220e+02 8.573749e-01
3.941970e+02 8.676000e-01
4.005730e+02 8.793556e-01
4.070520e+02 8.918385e-01
4.136350e+02 9.044861e-01
4.203260e+02 9.179660e-01
4.271240e+02 9.319127e-01
4.340320e+02 9.465867e-01
4.410520e+02 9.614851e-01
4.481860e+02 9.781572e-01
4.554350e+02 1.003074e+00
4.628020e+02 1.025099e+00
4.702870e+02 1.045669e+00
4.778940e+02 1.066666e+00
4.856230e+02 1.088070e+00
4.934780e+02 1.109904e+00
5.014590e+02 1.132176e+00
5.095700e+02 1.154904e+00
5.178120e+02 1.178290e+00
5.261870e+02 1.202876e+00
5.346980e+02 1.229408e+00
5.433460e+02 1.257250e+00
5.521340e+02 1.285719e+00
5.610650e+02 1.315644e+00
5.701390e+02 1.346728e+00
5.793610e+02 1.379083e+00
5.887320e+02 1.412322e+00
5.982540e+02 1.446436e+00
6.079300e+02 1.481385e+00
6.177630e+02 1.517168e+00
6.277550e+02 1.553906e+00
6.379080e+02 1.592852e+00
6.482260e+02 1.634775e+00
6.587110e+02 1.679155e+00
6.693650e+02 1.724731e+00
6.801910e+02 1.768832e+00
6.911930e+02 1.811908e+00
7.023720e+02 1.855455e+00
7.137330e+02 1.902079e+00
7.252770e+02 1.951319e+00
7.265000e+02 1.956564e+00
7.267000e+02 3.334989e-01
7.370080e+02 3.453319e-01
7.489280e+02 3.593249e-01
7.610420e+02 3.738849e-01
7.733510e+02 3.890342e-01
7.858590e+02 4.047988e-01
7.985700e+02 4.212000e-01
8.114860e+02 4.382676e-01
8.246110e+02 4.551964e-01
8.379490e+02 4.726327e-01
8.515020e+02 4.907353e-01
8.652740e+02 5.095317e-01
8.792690e+02 5.290473e-01
8.934910e+02 5.493121e-01
9.079430e+02 5.689558e-01
9.226280e+02 5.875750e-01
9.375510e+02 6.068061e-01
9.527150e+02 6.024448e-01
9.681240e+02 5.966165e-01
9.837830e+02 5.908474e-01
9.996950e+02 5.851313e-01
1.015860e+03 5.794714e-01
1.032290e+03 5.997072e-01
1.048990e+03 6.217633e-01
1.065960e+03 6.446287e-01
1.083200e+03 6.665850e-01
1.100720e+03 6.848483e-01
1.118520e+03 7.036115e-01
1.136610e+03 7.228880e-01
1.155000e+03 7.426971e-01
1.173680e+03 7.667081e-01
1.192660e+03 7.925046e-01
1.211950e+03 8.191696e-01
1.231550e+03 8.467280e-01
1.251470e+03 8.752194e-01
1.271720e+03 9.046745e-01
1.292290e+03 9.335226e-01
1.313190e+03 9.622170e-01
1.334430e+03 9.917925e-01
1.356010e+03 1.022278e+00
1.377940e+03 1.053697e+00
1.400230e+03 1.086089e+00
1.422880e+03 1.119475e+00
1.445890e+03 1.154295e+00
1.469280e+03 1.190393e+00
1.493040e+03 1.227614e+00
1.517190e+03 1.265999e+00
1.541730e+03 1.305590e+00
1.566670e+03 1.346415e+00
1.592010e+03 1.392014e+00
1.617760e+03 1.444372e+00
1.643920e+03 1.498622e+00
1.670510e+03 1.554907e+00
1.697530e+03 1.613300e+00
1.724990e+03 1.673904e+00
1.752890e+03 1.737838e+00
1.781240e+03 1.804603e+00
1.810050e+03 1.874267e+00
1.839320e+03 1.946582e+00
1.869070e+03 2.021702e+00
1.899300e+03 2.099747e+00
1.930020e+03 2.180799e+00
1.961240e+03 2.264965e+00
1.992960e+03 2.352313e+00
2.025200e+03 2.442050e+00
2.057950e+03 2.537238e+00
2.091240e+03 2.636390e+00
2.125060e+03 2.739684e+00
2.159430e+03 2.847127e+00
2.194360e+03 2.959028e+00
2.229850e+03 3.075526e+00
2.265920e+03 3.196728e+00
2.302570e+03 3.323041e+00
2.339810e+03 3.454495e+00
2.377660e+03 3.591190e+00
2.416110e+03 3.733744e+00
2.455190e+03 3.882079e+00
2.494900e+03 4.036645e+00
2.535260e+03 4.197418e+00
2.576260e+03 4.364891e+00
2.617930e+03 4.539272e+00
2.660270e+03 4.721108e+00
2.703300e+03 4.910245e+00
2.747030e+03 5.107145e+00
2.791460e+03 5.312296e+00
2.836610e+03 5.526051e+00
2.882490e+03 5.748622e+00
2.929110e+03 5.980467e+00
2.976480e+03 6.221944e+00
3.024630e+03 6.473561e+00
3.073550e+03 6.735591e+00
3.123260e+03 7.008649e+00
3.173780e+03 7.293126e+00
3.225110e+03 7.589476e+00
3.277270e+03 7.898334e+00
3.330280e+03 8.220231e+00
3.384150e+03 8.555614e+00
3.438880e+03 8.905160e+00
3.494500e+03 9.269467e+00
3.551020e+03 9.649171e+00
3.608460e+03 1.004497e+01
3.666820e+03 1.045765e+01
3.726130e+03 1.088766e+01
3.786400e+03 1.133627e+01
3.847640e+03 1.180394e+01
3.909870e+03 1.229170e+01
3.973110e+03 1.280045e+01
4.037380e+03 1.333107e+01
4.102680e+03 1.388443e+01
4.169030e+03 1.446160e+01
4.236460e+03 1.506392e+01
4.304980e+03 1.569234e+01
4.374620e+03 1.634811e+01
4.445370e+03 1.703288e+01
4.517270e+03 1.774715e+01
4.590330e+03 1.849260e+01
4.664580e+03 1.927168e+01
4.740030e+03 2.008477e+01
4.816690e+03 2.093393e+01
4.894600e+03 2.182112e+01
4.973770e+03 2.274761e+01
5.011800e+03 2.320114e+01
5.012000e+03 7.569659e+00
5.054210e+03 7.751958e+00
5.135960e+03 8.113206e+00
5.219030e+03 8.491089e+00
5.303440e+03 8.886637e+00
5.359300e+03 9.154823e+00
5.359500e+03 6.637697e+00
5.389220e+03 6.733295e+00
5.476390e+03 7.018589e+00
5.564970e+03 7.315855e+00
5.654980e+03 7.625814e+00
5.714200e+03 7.834012e+00
5.714400e+03 6.905317e+00
5.746440e+03 6.999741e+00
5.839390e+03 7.278047e+00
5.933830e+03 7.568895e+00
6.029810e+03 7.872823e+00
6.127330e+03 8.190504e+00
6.226440e+03 8.522585e+00
6.327150e+03 8.869529e+00
6.429480e+03 9.232102e+00
6.533480e+03 9.611247e+00
6.639150e+03 1.000755e+01
6.746540e+03 1.042167e+01
6.855650e+03 1.085446e+01
6.966540e+03 1.130684e+01
7.079220e+03 1.177965e+01
7.193720e+03 1.227397e+01
7.310070e+03 1.279058e+01
7.428310e+03 1.333049e+01
7.548450e+03 1.389512e+01
7.670540e+03 1.448511e+01
7.794610e+03 1.510175e+01
7.920680e+03 1.574666e+01
8.048790e+03 1.642095e+01
8.178980e+03 1.712563e+01
8.311260e+03 1.786215e+01
8.445690e+03 1.863236e+01
8.582290e+03 1.943802e+01
8.721110e+03 2.027968e+01
8.862160e+03 2.115982e+01
9.005500e+03 2.207979e+01
9.151160e+03 2.304273e+01
9.299170e+03 2.404842e+01
9.449580e+03 2.510022e+01
9.602420e+03 2.620007e+01
9.757730e+03 2.734974e+01
9.915550e+03 2.855225e+01
1.007590e+04 2.980966e+01
1.023890e+04 3.112465e+01
1.040450e+04 3.249956e+01
1.057280e+04 3.393745e+01
1.074380e+04 3.544097e+01
1.091760e+04 3.701336e+01
1.109420e+04 3.865758e+01
1.127360e+04 4.037693e+01
1.145590e+04 4.217490e+01
1.164120e+04 4.405531e+01
1.182950e+04 4.602188e+01
1.202080e+04 4.807831e+01
1.221530e+04 5.022938e+01
1.241280e+04 5.247833e+01
1.261360e+04 5.483077e+01
1.281760e+04 5.729087e+01
1.302500e+04 5.986404e+01
1.323560e+04 6.255457e+01
1.344970e+04 6.536881e+01
1.366720e+04 6.831166e+01
1.388830e+04 7.138994e+01
1.411290e+04 7.460885e+01
1.434120e+04 7.797587e+01
1.457310e+04 8.149677e+01
1.480890e+04 8.517977e+01
1.504840e+04 8.903091e+01
1.529180e+04 9.305887e+01
1.553910e+04 9.727127e+01
1.579040e+04 1.016771e+02
1.604580e+04 1.062845e+02
1.630540e+04 1.111039e+02
1.656910e+04 1.161437e+02
1.683710e+04 1.214147e+02
1.710940e+04 1.269264e+02
1.738610e+04 1.326909e+02
1.766740e+04 1.387208e+02
1.795310e+04 1.450254e+02
1.824350e+04 1.516193e+02
1.853860e+04 1.585157e+02
1.883840e+04 1.657269e+02
1.914310e+04 1.732681e+02
1.945270e+04 1.811546e+02
1.976740e+04 1.894023e+02
2.008710e+04 1.980272e+02
2.041200e+04 2.070456e+02
2.074210e+04 2.164762e+02
2.107760e+04 2.263396e+02
2.141850e+04 2.366510e+02
2.176500e+04 2.474358e+02
2.211700e+04 2.587114e+02
2.247470e+04 2.705025e+02
2.283820e+04 2.828305e+02
2.320760e+04 2.957215e+02
2.358300e+04 3.092012e+02
2.396440e+04 3.232953e+02
2.435200e+04 3.380307e+02
2.474590e+04 3.534368e+02
2.514620e+04 3.695446e+02
2.555290e+04 3.863855e+02
2.596620e+04 4.039884e+02
2.638610e+04 4.223950e+02
2.681290e+04 4.416394e+02
2.724660e+04 4.617560e+02
2.768730e+04 4.827863e+02
2.813510e+04 5.047701e+02
2.859020e+04 5.277520e+02
2.905260e+04 5.517744e+02
2.952250e+04 5.768862e+02
3.000000e+04 6.031343e+02
