# material=Gd density=7.901
# Photon Energy [eV]  Attenuation Length [um]
1.000000e+01 1.819896e-02
1.011520e+01 1.812470e-02
1.023170e+01 1.804886e-02
1.034960e+01 1.796893e-02
1.046880e+01 1.788923e-02
1.058940e+01 1.781000e-02
1.071140e+01 1.773108e-02
1.083480e+01 1.765251e-02
1.095960e+01 1.757427e-02
1.108590e+01 1.749645e-02
1.121360e+01 1.741893e-02
1.134280e+01 1.734180e-02
1.147340e+01 1.726482e-02
1.160560e+01 1.718836e-02
1.173930e+01 1.711223e-02
1.187450e+01 1.703633e-02
1.201130e+01 1.696084e-02
1.214970e+01 1.688575e-02
1.228970e+01 1.681095e-02
1.243120e+01 1.673640e-02
1.257440e+01 1.666221e-02
1.271930e+01 1.658842e-02
1.286580e+01 1.651490e-02
1.301400e+01 1.644168e-02
1.316400e+01 1.638267e-02
1.331560e+01 1.632418e-02
1.346900e+01 1.626593e-02
1.362420e+01 1.620795e-02
1.378110e+01 1.615082e-02
1.393990e+01 1.623131e-02
1.410050e+01 1.634740e-02
1.426290e+01 1.708085e-02
1.442720e+01 1.784724e-02
1.459340e+01 1.978585e-02
1.476150e+01 2.217533e-02
1.493160e+01 2.485336e-02
1.510360e+01 2.785494e-02
1.527760e+01 3.121894e-02
1.545360e+01 3.498914e-02
1.563160e+01 3.921461e-02
1.581170e+01 4.426393e-02
1.599380e+01 5.023987e-02
1.617810e+01 5.702298e-02
1.636440e+01 5.993711e-02
1.655290e+01 6.137852e-02
1.674360e+01 6.285436e-02
1.693650e+01 6.436627e-02
1.713160e+01 6.591385e-02
1.732900e+01 6.749919e-02
1.752860e+01 6.912259e-02
1.773050e+01 7.078455e-02
1.793480e+01 7.248674e-02
1.814140e+01 7.423011e-02
1.835040e+01 7.601517e-02
1.856180e+01 7.784333e-02
1.877560e+01 7.905187e-02
1.899190e+01 7.902136e-02
1.921070e+01 7.899015e-02
1.943200e+01 7.895898e-02
1.965580e+01 7.892786e-02
1.988230e+01 6.864325e-02
2.011130e+01 5.566387e-02
2.034300e+01 4.307117e-02
2.057730e+01 3.284374e-02
2.081440e+01 2.971995e-02
2.105420e+01 2.689329e-02
2.129670e+01 2.451203e-02
2.154210e+01 2.318743e-02
2.179020e+01 2.193432e-02
2.204120e+01 2.074899e-02
2.229520e+01 1.973500e-02
2.255200e+01 1.945564e-02
2.281180e+01 1.918025e-02
2.307460e+01 1.890876e-02
2.334040e+01 1.864111e-02
2.360930e+01 1.837725e-02
2.388120e+01 1.811708e-02
2.415640e+01 1.786069e-02
2.443460e+01 1.762241e-02
2.471610e+01 1.744584e-02
2.500080e+01 1.727097e-02
2.528890e+01 1.709797e-02
2.558020e+01 1.692657e-02
2.587490e+01 1.675695e-02
2.617290e+01 1.658898e-02
2.647440e+01 1.641776e-02
2.677940e+01 1.624072e-02
2.702750e+01 1.609957e-02
2.730080e+01 1.537599e-02
2.761530e+01 1.416389e-02
2.793340e+01 1.304727e-02
2.825520e+01 1.214775e-02
2.858070e+01 1.152216e-02
2.891000e+01 1.092887e-02
2.924300e+01 1.044917e-02
2.957990e+01 1.018704e-02
2.992060e+01 9.931514e-03
3.026530e+01 9.700303e-03
3.061400e+01 9.483723e-03
3.096660e+01 9.271937e-03
3.132340e+01 9.064865e-03
3.168420e+01 8.862410e-03
3.204920e+01 8.664534e-03
3.241840e+01 8.507581e-03
3.279190e+01 8.443177e-03
3.316960e+01 8.396442e-03
3.355180e+01 8.521193e-03
3.393830e+01 8.647772e-03
3.432920e+01 8.994610e-03
3.472470e+01 9.382227e-03
3.512470e+01 9.786440e-03
3.552940e+01 1.020817e-02
3.593860e+01 1.068582e-02
3.635270e+01 1.120095e-02
3.677140e+01 1.174093e-02
3.719500e+01 1.230697e-02
3.762350e+01 1.307592e-02
3.805690e+01 1.394886e-02
3.849530e+01 1.488019e-02
3.893880e+01 1.567553e-02
3.938740e+01 1.649567e-02
3.984110e+01 1.735877e-02
4.030010e+01 1.826722e-02
4.076430e+01 1.921785e-02
4.123390e+01 2.016189e-02
4.170900e+01 2.115234e-02
4.218940e+01 2.219131e-02
4.267550e+01 2.328140e-02
4.316710e+01 2.443270e-02
4.366440e+01 2.564133e-02
4.416740e+01 2.690978e-02
4.467620e+01 2.824096e-02
4.519080e+01 2.963790e-02
4.571140e+01 3.110404e-02
4.623800e+01 3.191066e-02
4.677070e+01 3.251046e-02
4.730950e+01 3.312156e-02
4.785450e+01 3.374412e-02
4.840580e+01 3.437837e-02
4.896340e+01 3.506939e-02
4.952740e+01 3.577850e-02
5.009800e+01 3.650202e-02
5.067510e+01 3.724010e-02
5.125890e+01 3.799315e-02
5.184940e+01 3.876140e-02
5.244670e+01 3.946116e-02
5.305090e+01 4.010788e-02
5.366200e+01 4.076518e-02
5.428020e+01 4.143326e-02
5.490550e+01 4.211228e-02
5.553800e+01 4.280245e-02
5.617780e+01 4.350388e-02
5.682500e+01 4.422694e-02
5.747960e+01 4.505463e-02
5.814170e+01 4.589780e-02
5.881150e+01 4.675674e-02
5.948900e+01 4.763173e-02
6.017430e+01 4.852314e-02
6.086750e+01 4.938557e-02
6.156870e+01 5.023362e-02
6.227800e+01 5.109643e-02
6.299540e+01 5.197380e-02
6.372110e+01 5.286635e-02
6.445520e+01 5.377432e-02
6.519770e+01 5.431598e-02
6.594880e+01 5.464067e-02
6.670850e+01 5.496736e-02
6.747700e+01 5.529589e-02
6.825430e+01 5.562648e-02
6.904060e+01 5.595894e-02
6.983590e+01 5.629349e-02
7.064040e+01 5.662995e-02
7.145420e+01 5.696852e-02
7.227740e+01 5.730913e-02
7.311000e+01 5.758872e-02
7.395220e+01 5.770814e-02
7.480410e+01 5.782765e-02
7.566590e+01 5.794765e-02
7.653750e+01 5.806765e-02
7.741920e+01 5.818812e-02
7.831110e+01 5.830872e-02
7.921320e+01 5.842960e-02
8.012580e+01 5.855076e-02
8.104880e+01 5.867209e-02
8.198250e+01 5.896319e-02
8.292690e+01 5.934740e-02
8.388220e+01 5.973416e-02
8.484850e+01 6.012346e-02
8.582600e+01 6.051529e-02
8.681470e+01 6.090967e-02
8.781480e+01 6.130660e-02
8.882640e+01 6.170615e-02
8.984970e+01 6.214974e-02
9.088470e+01 6.280880e-02
9.193170e+01 6.347477e-02
9.299080e+01 6.414797e-02
9.406200e+01 6.482810e-02
9.514560e+01 6.551554e-02
9.624170e+01 6.621034e-02
9.735030e+01 6.691238e-02
9.847180e+01 6.762190e-02
9.960620e+01 6.833900e-02
1.007540e+02 6.906388e-02
1.019140e+02 6.977862e-02
1.030880e+02 7.042656e-02
1.042760e+02 7.108087e-02
1.054770e+02 7.174062e-02
1.066920e+02 7.240686e-02
1.079210e+02 7.307913e-02
1.091650e+02 7.384613e-02
1.104220e+02 7.485178e-02
1.116940e+02 7.587138e-02
1.129810e+02 7.690522e-02
1.142820e+02 7.795257e-02
1.155990e+02 7.930025e-02
1.169310e+02 8.086068e-02
1.182780e+02 8.245171e-02
1.196400e+02 8.407353e-02
1.210190e+02 8.572836e-02
1.224130e+02 8.861703e-02
1.238230e+02 9.169253e-02
1.252490e+02 9.487460e-02
1.266920e+02 9.831844e-02
1.281520e+02 1.024589e-01
1.296280e+02 1.067732e-01
1.311210e+02 1.114671e-01
1.326320e+02 1.192062e-01
1.341600e+02 1.274818e-01
1.357050e+02 1.343080e-01
1.368680e+02 1.361056e-01
1.380690e+02 1.265435e-01
1.396600e+02 9.176016e-02
1.399700e+02 8.621661e-02
1.414160e+02 6.898352e-02
1.430450e+02 5.538848e-02
1.432500e+02 5.388973e-02
1.443540e+02 3.729847e-02
1.450980e+02 2.905558e-02
1.458460e+02 1.828165e-02
1.473540e+02 1.099880e-02
1.490520e+02 8.932921e-03
1.507690e+02 1.116481e-02
1.525050e+02 1.481579e-02
1.542620e+02 1.882141e-02
1.560390e+02 2.314776e-02
1.578370e+02 2.556724e-02
1.596550e+02 2.823941e-02
1.614940e+02 3.029566e-02
1.633550e+02 3.229299e-02
1.652370e+02 3.424780e-02
1.671400e+02 3.598057e-02
1.690660e+02 3.780121e-02
1.710130e+02 3.968037e-02
1.729830e+02 4.160713e-02
1.749760e+02 4.362737e-02
1.769920e+02 4.574579e-02
1.790310e+02 4.775428e-02
1.810930e+02 4.877578e-02
1.831790e+02 4.981936e-02
1.852890e+02 5.088509e-02
1.874240e+02 5.197389e-02
1.895830e+02 5.308585e-02
1.917670e+02 5.422161e-02
1.939760e+02 5.538156e-02
1.962110e+02 5.656635e-02
1.984710e+02 5.777644e-02
2.007570e+02 5.901253e-02
2.030700e+02 6.054969e-02
2.054100e+02 6.218515e-02
2.077760e+02 6.386411e-02
2.101690e+02 6.558897e-02
2.125910e+02 6.736042e-02
2.150400e+02 6.917964e-02
2.175170e+02 7.104789e-02
2.200230e+02 7.296646e-02
2.225570e+02 7.491570e-02
2.251210e+02 7.659154e-02
2.277140e+02 7.830514e-02
2.303380e+02 8.005728e-02
2.329910e+02 8.184850e-02
2.356750e+02 8.368017e-02
2.383900e+02 8.555233e-02
2.411360e+02 8.746628e-02
2.439140e+02 8.942378e-02
2.467240e+02 9.142416e-02
2.495660e+02 9.347028e-02
2.524410e+02 9.556183e-02
2.553490e+02 9.763794e-02
2.582910e+02 9.824659e-02
2.612660e+02 9.885903e-02
2.642760e+02 9.947511e-02
2.673210e+02 1.000955e-01
2.704000e+02 1.007189e-01
2.735150e+02 1.013469e-01
2.766660e+02 1.019783e-01
2.798530e+02 1.026133e-01
2.830770e+02 1.032535e-01
2.863380e+02 1.038965e-01
2.896370e+02 1.045441e-01
2.929730e+02 1.051951e-01
2.963480e+02 1.063504e-01
2.997620e+02 1.077276e-01
3.032150e+02 1.091228e-01
3.067080e+02 1.105363e-01
3.102420e+02 1.119687e-01
3.138160e+02 1.134186e-01
3.174310e+02 1.148876e-01
3.210880e+02 1.163037e-01
3.247860e+02 1.173215e-01
3.285280e+02 1.183488e-01
3.323130e+02 1.193849e-01
3.361410e+02 1.204290e-01
3.400130e+02 1.216375e-01
3.439300e+02 1.230546e-01
3.478920e+02 1.244881e-01
3.519000e+02 1.259385e-01
3.559540e+02 1.274067e-01
3.600540e+02 1.288908e-01
3.642020e+02 1.303925e-01
3.683980e+02 1.319117e-01
3.726420e+02 1.334486e-01
3.769340e+02 1.350030e-01
3.812770e+02 1.365771e-01
3.856690e+02 1.381681e-01
3.901120e+02 1.397779e-01
3.946060e+02 1.414256e-01
3.991520e+02 1.432459e-01
4.037500e+02 1.450897e-01
4.084010e+02 1.469565e-01
4.131060e+02 1.488477e-01
4.178650e+02 1.507634e-01
4.226780e+02 1.527038e-01
4.275480e+02 1.546700e-01
4.324730e+02 1.566601e-01
4.374550e+02 1.586763e-01
4.424940e+02 1.607185e-01
4.475920e+02 1.627864e-01
4.527480e+02 1.646578e-01
4.579640e+02 1.663949e-01
4.632390e+02 1.681487e-01
4.685760e+02 1.699217e-01
4.739740e+02 1.717120e-01
4.794340e+02 1.735225e-01
4.849570e+02 1.753524e-01
4.905440e+02 1.772005e-01
4.961950e+02 1.792254e-01
5.019110e+02 1.818665e-01
5.076930e+02 1.845469e-01
5.135410e+02 1.872670e-01
5.194570e+02 1.900265e-01
5.254410e+02 1.928271e-01
5.314950e+02 1.956697e-01
5.376170e+02 1.985526e-01
5.438110e+02 2.014789e-01
5.500750e+02 2.044483e-01
5.564120e+02 2.074622e-01
5.628220e+02 2.105194e-01
5.693050e+02 2.136218e-01
5.758640e+02 2.171995e-01
5.824980e+02 2.208712e-01
5.892080e+02 2.246239e-01
5.959960e+02 2.284435e-01
6.028610e+02 2.323269e-01
6.098060e+02 2.362759e-01
6.168310e+02 2.402931e-01
6.239370e+02 2.443777e-01
6.311250e+02 2.486219e-01
6.383950e+02 2.530073e-01
6.457500e+02 2.576624e-01
6.531880e+02 2.625908e-01
6.607130e+02 2.676131e-01
6.683240e+02 2.727278e-01
6.760230e+02 2.777967e-01
6.838110e+02 2.825485e-01
6.916890e+02 2.873702e-01
6.996570e+02 2.922337e-01
7.077170e+02 2.972355e-01
7.158700e+02 3.028759e-01
7.241160e+02 3.086229e-01
7.324580e+02 3.144766e-01
7.408960e+02 3.204440e-01
7.494310e+02 3.265242e-01
7.580640e+02 3.327192e-01
7.667970e+02 3.390694e-01
7.756310e+02 3.455505e-01
7.845660e+02 3.523355e-01
7.936040e+02 3.593629e-01
8.027460e+02 3.665276e-01
8.119940e+02 3.738358e-01
8.213480e+02 3.812934e-01
8.308100e+02 3.889000e-01
8.403810e+02 3.966700e-01
8.500620e+02 4.046357e-01
8.598540e+02 4.127810e-01
8.697600e+02 4.211848e-01
8.797790e+02 4.297591e-01
8.899140e+02 4.385124e-01
9.001660e+02 4.474441e-01
9.105360e+02 4.565573e-01
9.210250e+02 4.658556e-01
9.316350e+02 4.755367e-01
9.423680e+02 4.854653e-01
9.532240e+02 4.956930e-01
9.642050e+02 5.061660e-01
9.753120e+02 5.168505e-01
9.865480e+02 5.277565e-01
9.979130e+02 5.389316e-01
1.009410e+03 5.503801e-01
1.021040e+03 5.622130e-01
1.032800e+03 5.744871e-01
1.044700e+03 5.870697e-01
1.056730e+03 6.000122e-01
1.068910e+03 6.132476e-01
1.081220e+03 6.267686e-01
1.093670e+03 6.405871e-01
1.106270e+03 6.547138e-01
1.119020e+03 6.691548e-01
1.131910e+03 6.839013e-01
1.144950e+03 6.989725e-01
1.158140e+03 7.143840e-01
1.171480e+03 7.301363e-01
1.184970e+03 7.462320e-01
1.189500e+03 7.516709e-01
1.189700e+03 1.328951e-01
1.198630e+03 1.352709e-01
1.212430e+03 1.389919e-01
1.226400e+03 1.428169e-01
1.240530e+03 1.467429e-01
1.254820e+03 1.507735e-01
1.269280e+03 1.549068e-01
1.283900e+03 1.591410e-01
1.298690e+03 1.634910e-01
1.313650e+03 1.679601e-01
1.328780e+03 1.725511e-01
1.344090e+03 1.772691e-01
1.359570e+03 1.821150e-01
1.375230e+03 1.870941e-01
1.391080e+03 1.922100e-01
1.407100e+03 1.974649e-01
1.423310e+03 2.028637e-01
1.439710e+03 2.084098e-01
1.456290e+03 2.141061e-01
1.473070e+03 2.199854e-01
1.490040e+03 2.260332e-01
1.507200e+03 2.323096e-01
1.524570e+03 2.387970e-01
1.542130e+03 2.454633e-01
1.543900e+03 2.461410e-01
1.544100e+03 2.133084e-01
1.559900e+03 2.182907e-01
1.577870e+03 2.240363e-01
1.596040e+03 2.299322e-01
1.614430e+03 2.359851e-01
1.633030e+03 2.421980e-01
1.651840e+03 2.469672e-01
1.670870e+03 2.455052e-01
1.688200e+03 2.441955e-01
1.688400e+03 2.443514e-01
1.690120e+03 2.449391e-01
1.709590e+03 2.516573e-01
1.729280e+03 2.585592e-01
1.749200e+03 2.656510e-01
1.769350e+03 2.729380e-01
1.789740e+03 2.804288e-01
1.810350e+03 2.881243e-01
1.831210e+03 2.960305e-01
1.852300e+03 3.041523e-01
1.873640e+03 3.124973e-01
1.880700e+03 3.152858e-01
1.880900e+03 3.020081e-01
1.895230e+03 3.074549e-01
1.917060e+03 3.158629e-01
1.939140e+03 3.245009e-01
1.961480e+03 3.333762e-01
1.984080e+03 3.424948e-01
2.006930e+03 3.518312e-01
2.030050e+03 3.613720e-01
2.053440e+03 3.712932e-01
2.077100e+03 3.815163e-01
2.101020e+03 3.920240e-01
2.125230e+03 4.028377e-01
2.149710e+03 4.139631e-01
2.174470e+03 4.254098e-01
2.199520e+03 4.371842e-01
2.224860e+03 4.492977e-01
2.250490e+03 4.617626e-01
2.276420e+03 4.745897e-01
2.302640e+03 4.877748e-01
2.329170e+03 5.013596e-01
2.356000e+03 5.153031e-01
2.383140e+03 5.296527e-01
2.410590e+03 5.444391e-01
2.438360e+03 5.596477e-01
2.466450e+03 5.752682e-01
2.494870e+03 5.913925e-01
2.523610e+03 6.079245e-01
2.552680e+03 6.249702e-01
2.582090e+03 6.424906e-01
2.611830e+03 6.605348e-01
2.641920e+03 6.790890e-01
2.672350e+03 6.981494e-01
2.703140e+03 7.177621e-01
2.734280e+03 7.379752e-01
2.765780e+03 7.587872e-01
2.797640e+03 7.801675e-01
2.829870e+03 8.021811e-01
2.862470e+03 8.248242e-01
2.895440e+03 8.480997e-01
2.928800e+03 8.720477e-01
2.962540e+03 8.967090e-01
2.996670e+03 9.220932e-01
3.031190e+03 9.481991e-01
3.066110e+03 9.750513e-01
3.101430e+03 1.002700e+00
3.137160e+03 1.031140e+00
3.173300e+03 1.060447e+00
3.209850e+03 1.090561e+00
3.246830e+03 1.121494e+00
3.284230e+03 1.153381e+00
3.322070e+03 1.186233e+00
3.360340e+03 1.219968e+00
3.399050e+03 1.254778e+00
3.438200e+03 1.290524e+00
3.477810e+03 1.327323e+00
3.517880e+03 1.365199e+00
3.558400e+03 1.404162e+00
3.599390e+03 1.444280e+00
3.640860e+03 1.485573e+00
3.682800e+03 1.528048e+00
3.725230e+03 1.571797e+00
3.768140e+03 1.616802e+00
3.811550e+03 1.663129e+00
3.855460e+03 1.710809e+00
3.899870e+03 1.759872e+00
3.944800e+03 1.810375e+00
3.990240e+03 1.862383e+00
4.036210e+03 1.915907e+00
4.082710e+03 1.971021e+00
4.129740e+03 2.027719e+00
4.177310e+03 2.086133e+00
4.225440e+03 2.146255e+00
4.274110e+03 2.208132e+00
4.323350e+03 2.271831e+00
4.373150e+03 2.337403e+00
4.423530e+03 2.404954e+00
4.474490e+03 2.474484e+00
4.526040e+03 2.546112e+00
4.578180e+03 2.619831e+00
4.630920e+03 2.695745e+00
4.684270e+03 2.773923e+00
4.738230e+03 2.854428e+00
4.792810e+03 2.937341e+00
4.848020e+03 3.022735e+00
4.903870e+03 3.110670e+00
4.960370e+03 3.201242e+00
5.017510e+03 3.294581e+00
5.075310e+03 3.390658e+00
5.133780e+03 3.489694e+00
5.192920e+03 3.591700e+00
5.252740e+03 3.696736e+00
5.313250e+03 3.804912e+00
5.374460e+03 3.916387e+00
5.436370e+03 4.031257e+00
5.499000e+03 4.149768e+00
5.562350e+03 4.271640e+00
5.626420e+03 4.397493e+00
5.691240e+03 4.527072e+00
5.756800e+03 4.660615e+00
5.823120e+03 4.798271e+00
5.890200e+03 4.940024e+00
5.958060e+03 5.086401e+00
6.026690e+03 5.237080e+00
6.096120e+03 5.392457e+00
6.166350e+03 5.552667e+00
6.237380e+03 5.717892e+00
6.309240e+03 5.888274e+00
6.381920e+03 6.063939e+00
6.455440e+03 6.245144e+00
6.529800e+03 6.432069e+00
6.605030e+03 6.624816e+00
6.681110e+03 6.823691e+00
6.758080e+03 7.029031e+00
6.835930e+03 7.240682e+00
6.914680e+03 7.459017e+00
6.994340e+03 7.684458e+00
7.074910e+03 7.916976e+00
7.156420e+03 8.156768e+00
7.238860e+03 8.404683e+00
7.242700e+03 8.416373e+00
7.242900e+03 2.967749e+00
7.322250e+03 3.061801e+00
7.406600e+03 3.163897e+00
7.491920e+03 3.269351e+00
7.578230e+03 3.378365e+00
7.665530e+03 3.491057e+00
7.753840e+03 3.607488e+00
7.843160e+03 3.727721e+00
7.930200e+03 3.847385e+00
7.930400e+03 2.752502e+00
7.933510e+03 2.755684e+00
8.024910e+03 2.849886e+00
8.117350e+03 2.947289e+00
8.210860e+03 3.048094e+00
8.305450e+03 3.152364e+00
8.375500e+03 3.231096e+00
8.375700e+03 2.820137e+00
8.401130e+03 2.841362e+00
8.497910e+03 2.923005e+00
8.595800e+03 3.007129e+00
8.694830e+03 3.093927e+00
8.794990e+03 3.183433e+00
8.896310e+03 3.275811e+00
8.998790e+03 3.371236e+00
9.102460e+03 3.469685e+00
9.207320e+03 3.571249e+00
9.313380e+03 3.676026e+00
9.420670e+03 3.784090e+00
9.529200e+03 3.895607e+00
9.638970e+03 4.010717e+00
9.750010e+03 4.129506e+00
9.862330e+03 4.252013e+00
9.975950e+03 4.378631e+00
1.009090e+04 4.509177e+00
1.020710e+04 4.643850e+00
1.032470e+04 4.782883e+00
1.044360e+04 4.926360e+00
1.056390e+04 5.074401e+00
1.068560e+04 5.227192e+00
1.080870e+04 5.384871e+00
1.093330e+04 5.547643e+00
1.105920e+04 5.715552e+00
1.118660e+04 5.888868e+00
1.131550e+04 6.067745e+00
1.144580e+04 6.252318e+00
1.157770e+04 6.442856e+00
1.171110e+04 6.639489e+00
1.184600e+04 6.842411e+00
1.198240e+04 7.051817e+00
1.212050e+04 7.268004e+00
1.226010e+04 7.491090e+00
1.240130e+04 7.721325e+00
1.254420e+04 7.958992e+00
1.268870e+04 8.204273e+00
1.283490e+04 8.457457e+00
1.298270e+04 8.718724e+00
1.313230e+04 8.988449e+00
1.328360e+04 9.266827e+00
1.343660e+04 9.554138e+00
1.359140e+04 9.850705e+00
1.374800e+04 1.015683e+01
1.390630e+04 1.047273e+01
1.406650e+04 1.079887e+01
1.422860e+04 1.113554e+01
1.439250e+04 1.148300e+01
1.455830e+04 1.184165e+01
1.472600e+04 1.221185e+01
1.489560e+04 1.259395e+01
1.506720e+04 1.298840e+01
1.524080e+04 1.339560e+01
1.541640e+04 1.381591e+01
1.559400e+04 1.424977e+01
1.577360e+04 1.469754e+01
1.595530e+04 1.515980e+01
1.613910e+04 1.563698e+01
1.632510e+04 1.612964e+01
1.651310e+04 1.663804e+01
1.670340e+04 1.716301e+01
1.689580e+04 1.770480e+01
1.709040e+04 1.826404e+01
1.728730e+04 1.884144e+01
1.748640e+04 1.943737e+01
1.768790e+04 2.005266e+01
1.789170e+04 2.068780e+01
1.809780e+04 2.134339e+01
1.830620e+04 2.202007e+01
1.851710e+04 2.271872e+01
1.873040e+04 2.343992e+01
1.894620e+04 2.418440e+01
1.916450e+04 2.495299e+01
1.938530e+04 2.574641e+01
1.960860e+04 2.656540e+01
1.983450e+04 2.741086e+01
2.006290e+04 2.828351e+01
2.029410e+04 2.918462e+01
2.052790e+04 3.011474e+01
2.076430e+04 3.107474e+01
2.100350e+04 3.206584e+01
2.124550e+04 3.308907e+01
2.149020e+04 3.414527e+01
2.173780e+04 3.523564e+01
2.198820e+04 3.636131e+01
2.224150e+04 3.752328e+01
2.249780e+04 3.872297e+01
2.275690e+04 3.996106e+01
2.301910e+04 4.123956e+01
2.328430e+04 4.255908e+01
2.355250e+04 4.392141e+01
2.382380e+04 4.532754e+01
2.409830e+04 4.677943e+01
2.437590e+04 4.827793e+01
2.465670e+04 4.982492e+01
2.494070e+04 5.142195e+01
2.522800e+04 5.307040e+01
2.551870e+04 5.477258e+01
2.581260e+04 5.652934e+01
2.611000e+04 5.834282e+01
2.641080e+04 6.021519e+01
2.671500e+04 6.214783e+01
2.702280e+04 6.414289e+01
2.733410e+04 6.620249e+01
2.764900e+04 6.832873e+01
2.796750e+04 7.052310e+01
2.828970e+04 7.278890e+01
2.861560e+04 7.512778e+01
2.894520e+04 7.754181e+01
2.927870e+04 8.003409e+01
2.961590e+04 8.260679e+01
2.995710e+04 8.526257e+01
3.000000e+04 8.560050e+01
