# material=Ge density=5.323
# Photon Energy [eV]  Attenuation Length [um]
1.000000e+01 1.076738e-02
1.016170e+01 1.078518e-02
1.032610e+01 1.080311e-02
1.049310e+01 1.082101e-02
1.066280e+01 1.083894e-02
1.083530e+01 1.091846e-02
1.101060e+01 1.113212e-02
1.118860e+01 1.134980e-02
1.136960e+01 1.157189e-02
1.155350e+01 1.179824e-02
1.174040e+01 1.202245e-02
1.193030e+01 1.225061e-02
1.212320e+01 1.248303e-02
1.231930e+01 1.271997e-02
1.251860e+01 1.296141e-02
1.272100e+01 1.324688e-02
1.292680e+01 1.389570e-02
1.313590e+01 1.457624e-02
1.334830e+01 1.529002e-02
1.356420e+01 1.603881e-02
1.378360e+01 1.682426e-02
1.400660e+01 1.764825e-02
1.423310e+01 1.851251e-02
1.446330e+01 1.941912e-02
1.469730e+01 2.037021e-02
1.493500e+01 2.136777e-02
1.517650e+01 2.250439e-02
1.542200e+01 2.373683e-02
1.567140e+01 2.503686e-02
1.592490e+01 2.640809e-02
1.618250e+01 2.785438e-02
1.644420e+01 2.937989e-02
1.671020e+01 3.098894e-02
1.698050e+01 3.268610e-02
1.725510e+01 3.447608e-02
1.753420e+01 3.636433e-02
1.781780e+01 3.835580e-02
1.810600e+01 4.045644e-02
1.839890e+01 4.267243e-02
1.869640e+01 4.511071e-02
1.899880e+01 4.791515e-02
1.930610e+01 5.089396e-02
1.961840e+01 5.405855e-02
1.993570e+01 5.741913e-02
2.025820e+01 6.098920e-02
2.058580e+01 6.478034e-02
2.091880e+01 6.903017e-02
2.125710e+01 7.468158e-02
2.160090e+01 8.079576e-02
2.195030e+01 8.741076e-02
2.230530e+01 9.456716e-02
2.266610e+01 1.023095e-01
2.303270e+01 1.106857e-01
2.340530e+01 1.197479e-01
2.378380e+01 1.303761e-01
2.416850e+01 1.429128e-01
2.455940e+01 1.566549e-01
2.495660e+01 1.707577e-01
2.536030e+01 1.783880e-01
2.577050e+01 1.863585e-01
2.618730e+01 1.910171e-01
2.661090e+01 1.916605e-01
2.704130e+01 1.923059e-01
2.747860e+01 1.929527e-01
2.792310e+01 1.872165e-01
2.837470e+01 1.707527e-01
2.883370e+01 1.338335e-01
2.930000e+01 1.048967e-01
2.977390e+01 8.221670e-02
3.025550e+01 6.443965e-02
3.074490e+01 5.050717e-02
3.124210e+01 4.560914e-02
3.174750e+01 4.318317e-02
3.226090e+01 4.176601e-02
3.278270e+01 4.225112e-02
3.331300e+01 4.405548e-02
3.385180e+01 4.591584e-02
3.439930e+01 4.771130e-02
3.495570e+01 4.957692e-02
3.552110e+01 5.149311e-02
3.609560e+01 5.328804e-02
3.667940e+01 5.514554e-02
3.727270e+01 5.706804e-02
3.787550e+01 5.859070e-02
3.848820e+01 5.923195e-02
3.911070e+01 5.987993e-02
3.974320e+01 6.053508e-02
4.038610e+01 6.110848e-02
4.103930e+01 6.123062e-02
4.170310e+01 6.135303e-02
4.237760e+01 6.147577e-02
4.306300e+01 6.089158e-02
4.375950e+01 5.976085e-02
4.446730e+01 5.865126e-02
4.518650e+01 5.756211e-02
4.591740e+01 5.649330e-02
4.666000e+01 5.487537e-02
4.741470e+01 5.317244e-02
4.818160e+01 5.152210e-02
4.896090e+01 5.038677e-02
4.975280e+01 4.963007e-02
5.055760e+01 4.888468e-02
5.137530e+01 4.815053e-02
5.220620e+01 4.743778e-02
5.305060e+01 4.675331e-02
5.390870e+01 4.607888e-02
5.478060e+01 4.541408e-02
5.566670e+01 4.475892e-02
5.656700e+01 4.399390e-02
5.748200e+01 4.324165e-02
5.841170e+01 4.250208e-02
5.935640e+01 4.177524e-02
6.031650e+01 4.106090e-02
6.129210e+01 4.035113e-02
6.228340e+01 3.964543e-02
6.329080e+01 3.895221e-02
6.431450e+01 3.827104e-02
6.535470e+01 3.760178e-02
6.641180e+01 3.694425e-02
6.748590e+01 3.629820e-02
6.857750e+01 3.562062e-02
6.968670e+01 3.540390e-02
7.081380e+01 3.527626e-02
7.195910e+01 3.514910e-02
7.312300e+01 3.502241e-02
7.430570e+01 3.489614e-02
7.550760e+01 3.477040e-02
7.672890e+01 3.464510e-02
7.796990e+01 3.452020e-02
7.923100e+01 3.439577e-02
8.051250e+01 3.427181e-02
8.181470e+01 3.414826e-02
8.313800e+01 3.402518e-02
8.448270e+01 3.393517e-02
8.584910e+01 3.384897e-02
8.723770e+01 3.376299e-02
8.864870e+01 3.367724e-02
9.008250e+01 3.359168e-02
9.153950e+01 3.350633e-02
9.302010e+01 3.342122e-02
9.452460e+01 3.333634e-02
9.605350e+01 3.325165e-02
9.760710e+01 3.316718e-02
9.918580e+01 3.309790e-02
1.007900e+02 3.306459e-02
1.024200e+02 3.303131e-02
1.040770e+02 3.299831e-02
1.057600e+02 3.296500e-02
1.074710e+02 3.293205e-02
1.092090e+02 3.289885e-02
1.109750e+02 3.286544e-02
1.127700e+02 3.283245e-02
1.145940e+02 3.279959e-02
1.164480e+02 3.276660e-02
1.183310e+02 3.273352e-02
1.202450e+02 3.270064e-02
1.221900e+02 3.266799e-02
1.241660e+02 3.263504e-02
1.261750e+02 3.261926e-02
1.282150e+02 3.271194e-02
1.302890e+02 3.280492e-02
1.323970e+02 3.289839e-02
1.345380e+02 3.299205e-02
1.367140e+02 3.308583e-02
1.389250e+02 3.317968e-02
1.411720e+02 3.327401e-02
1.434560e+02 3.336901e-02
1.457760e+02 3.346365e-02
1.481340e+02 3.355883e-02
1.505300e+02 3.365423e-02
1.529640e+02 3.384861e-02
1.554390e+02 3.419747e-02
1.579530e+02 3.454970e-02
1.605070e+02 3.490516e-02
1.631030e+02 3.526468e-02
1.657420e+02 3.562813e-02
1.684220e+02 3.599498e-02
1.711460e+02 3.636577e-02
1.739150e+02 3.674037e-02
1.767270e+02 3.711873e-02
1.795860e+02 3.750111e-02
1.824910e+02 3.788743e-02
1.854420e+02 3.827759e-02
1.884420e+02 3.867185e-02
1.914890e+02 3.906994e-02
1.945870e+02 3.947256e-02
1.977340e+02 4.000734e-02
2.009320e+02 4.078365e-02
2.041820e+02 4.157497e-02
2.074850e+02 4.238164e-02
2.108400e+02 4.320382e-02
2.142510e+02 4.404220e-02
2.177160e+02 4.489678e-02
2.212370e+02 4.576751e-02
2.248160e+02 4.665582e-02
2.284520e+02 4.756075e-02
2.321470e+02 4.848376e-02
2.359020e+02 4.942459e-02
2.397170e+02 5.038338e-02
2.435950e+02 5.136090e-02
2.475350e+02 5.235741e-02
2.515380e+02 5.337329e-02
2.556070e+02 5.440899e-02
2.597410e+02 5.546443e-02
2.639420e+02 5.654058e-02
2.682110e+02 5.763744e-02
2.725490e+02 5.905451e-02
2.769570e+02 6.074545e-02
2.814370e+02 6.248537e-02
2.859890e+02 6.427445e-02
2.906150e+02 6.611504e-02
2.953150e+02 6.800824e-02
3.000920e+02 6.995583e-02
3.049450e+02 7.195925e-02
3.098780e+02 7.401955e-02
3.148900e+02 7.613930e-02
3.199830e+02 7.831970e-02
3.251580e+02 8.056226e-02
3.304180e+02 8.286964e-02
3.357620e+02 8.524230e-02
3.411920e+02 8.768346e-02
3.467110e+02 9.019466e-02
3.523190e+02 9.277736e-02
3.580170e+02 9.543404e-02
3.638080e+02 9.816709e-02
3.696920e+02 1.010488e-01
3.756720e+02 1.041394e-01
3.817480e+02 1.073237e-01
3.879220e+02 1.106061e-01
3.941970e+02 1.139888e-01
4.005730e+02 1.174750e-01
4.070520e+02 1.210677e-01
4.136350e+02 1.247696e-01
4.203260e+02 1.285855e-01
4.271240e+02 1.325178e-01
4.340320e+02 1.365699e-01
4.410520e+02 1.412582e-01
4.481860e+02 1.463782e-01
4.554350e+02 1.516842e-01
4.628020e+02 1.571828e-01
4.702870e+02 1.628802e-01
4.778940e+02 1.687844e-01
4.856230e+02 1.749025e-01
4.934780e+02 1.812428e-01
5.014590e+02 1.878121e-01
5.095700e+02 1.946202e-01
5.178120e+02 2.016748e-01
5.261870e+02 2.089851e-01
5.346980e+02 2.165604e-01
5.433460e+02 2.244105e-01
5.521340e+02 2.325447e-01
5.610650e+02 2.409747e-01
5.701390e+02 2.497093e-01
5.793610e+02 2.591938e-01
5.887320e+02 2.693797e-01
5.982540e+02 2.799660e-01
6.079300e+02 2.909682e-01
6.177630e+02 3.024026e-01
6.277550e+02 3.142865e-01
6.379080e+02 3.266372e-01
6.482260e+02 3.394739e-01
6.587110e+02 3.528149e-01
6.693650e+02 3.666802e-01
6.801910e+02 3.810895e-01
6.911930e+02 3.960662e-01
7.023720e+02 4.116306e-01
7.137330e+02 4.278075e-01
7.252770e+02 4.446196e-01
7.370080e+02 4.628513e-01
7.489280e+02 4.818817e-01
7.610420e+02 5.016957e-01
7.733510e+02 5.223241e-01
7.858590e+02 5.437999e-01
7.985700e+02 5.661599e-01
8.114860e+02 5.894389e-01
8.246110e+02 6.136746e-01
8.379490e+02 6.389076e-01
8.515020e+02 6.651777e-01
8.652740e+02 6.925281e-01
8.792690e+02 7.215603e-01
8.934910e+02 7.531496e-01
9.079430e+02 7.861226e-01
9.226280e+02 8.205387e-01
9.375510e+02 8.564620e-01
9.527150e+02 8.928470e-01
9.681240e+02 9.271960e-01
9.837830e+02 9.628571e-01
9.996950e+02 9.998093e-01
1.015860e+03 1.038085e+00
1.032290e+03 1.077067e+00
1.048990e+03 1.117708e+00
1.065960e+03 1.160100e+00
1.083200e+03 1.204094e+00
1.100720e+03 1.249753e+00
1.118520e+03 1.297125e+00
1.136610e+03 1.346345e+00
1.155000e+03 1.397438e+00
1.173680e+03 1.450456e+00
1.192660e+03 1.505483e+00
1.211950e+03 1.562604e+00
1.216900e+03 1.577453e+00
1.217100e+03 2.351866e-01
1.231550e+03 2.398972e-01
1.251470e+03 2.464524e-01
1.271720e+03 2.531660e-01
1.292290e+03 2.600304e-01
1.313190e+03 2.670796e-01
1.334430e+03 2.743189e-01
1.356010e+03 2.817539e-01
1.377940e+03 2.893941e-01
1.400230e+03 2.972420e-01
1.414500e+03 3.023115e-01
1.414700e+03 3.023742e-01
1.422880e+03 3.052956e-01
1.445890e+03 3.135729e-01
1.469280e+03 3.224516e-01
1.493040e+03 3.321754e-01
1.517190e+03 3.447937e-01
1.541730e+03 3.582718e-01
1.566670e+03 3.722785e-01
1.592010e+03 3.868287e-01
1.617760e+03 4.019457e-01
1.643920e+03 4.176578e-01
1.670510e+03 4.339807e-01
1.697530e+03 4.509417e-01
1.724990e+03 4.685650e-01
1.752890e+03 4.873824e-01
1.781240e+03 5.071353e-01
1.810050e+03 5.278310e-01
1.839320e+03 5.493736e-01
1.869070e+03 5.717993e-01
1.899300e+03 5.951394e-01
1.930020e+03 6.194169e-01
1.961240e+03 6.446942e-01
1.992960e+03 6.710145e-01
2.025200e+03 6.980084e-01
2.057950e+03 7.269477e-01
2.091240e+03 7.571994e-01
2.125060e+03 7.887859e-01
2.159430e+03 8.217659e-01
2.194360e+03 8.561987e-01
2.229850e+03 8.922148e-01
2.265920e+03 9.297990e-01
2.302570e+03 9.690550e-01
2.339810e+03 1.010061e+00
2.377660e+03 1.052906e+00
2.416110e+03 1.097632e+00
2.455190e+03 1.144410e+00
2.494900e+03 1.193247e+00
2.535260e+03 1.244247e+00
2.576260e+03 1.297517e+00
2.617930e+03 1.353157e+00
2.660270e+03 1.411282e+00
2.703300e+03 1.472081e+00
2.747030e+03 1.535532e+00
2.791460e+03 1.601870e+00
2.836610e+03 1.671106e+00
2.882490e+03 1.743412e+00
2.929110e+03 1.818996e+00
2.976480e+03 1.898006e+00
3.024630e+03 1.980568e+00
3.073550e+03 2.066770e+00
3.123260e+03 2.156857e+00
3.173780e+03 2.250987e+00
3.225110e+03 2.349332e+00
3.277270e+03 2.452080e+00
3.330280e+03 2.559450e+00
3.384150e+03 2.671631e+00
3.438880e+03 2.788852e+00
3.494500e+03 2.911336e+00
3.551020e+03 3.039299e+00
3.608460e+03 3.173035e+00
3.666820e+03 3.312787e+00
3.726130e+03 3.458818e+00
3.786400e+03 3.611396e+00
3.847640e+03 3.770828e+00
3.909870e+03 3.937469e+00
3.973110e+03 4.111638e+00
4.037380e+03 4.293569e+00
4.102680e+03 4.483758e+00
4.169030e+03 4.682480e+00
4.236460e+03 4.890150e+00
4.304980e+03 5.107312e+00
4.374620e+03 5.334139e+00
4.445370e+03 5.571166e+00
4.517270e+03 5.818958e+00
4.590330e+03 6.078089e+00
4.664580e+03 6.348735e+00
4.740030e+03 6.631757e+00
4.816690e+03 6.927295e+00
4.894600e+03 7.236356e+00
4.973770e+03 7.559529e+00
5.054210e+03 7.897311e+00
5.135960e+03 8.250198e+00
5.219030e+03 8.619226e+00
5.303440e+03 9.005217e+00
5.389220e+03 9.408261e+00
5.476390e+03 9.829673e+00
5.564970e+03 1.027068e+01
5.654980e+03 1.073149e+01
5.746440e+03 1.121299e+01
5.839390e+03 1.171690e+01
5.933830e+03 1.224319e+01
6.029810e+03 1.279393e+01
6.127330e+03 1.336946e+01
6.226440e+03 1.397170e+01
6.327150e+03 1.460100e+01
6.429480e+03 1.525887e+01
6.533480e+03 1.594839e+01
6.639150e+03 1.666842e+01
6.746540e+03 1.742073e+01
6.855650e+03 1.820802e+01
6.966540e+03 1.903250e+01
7.079220e+03 1.989425e+01
7.193720e+03 2.079575e+01
7.310070e+03 2.173903e+01
7.428310e+03 2.272565e+01
7.548450e+03 2.375796e+01
7.670540e+03 2.483793e+01
7.794610e+03 2.596819e+01
7.920680e+03 2.715101e+01
8.048790e+03 2.838899e+01
8.178980e+03 2.968451e+01
8.311260e+03 3.104048e+01
8.445690e+03 3.245972e+01
8.582290e+03 3.394611e+01
8.721110e+03 3.550199e+01
8.862160e+03 3.713096e+01
9.005500e+03 3.883718e+01
9.151160e+03 4.062366e+01
9.299170e+03 4.249494e+01
9.449580e+03 4.445500e+01
9.602420e+03 4.650862e+01
9.757730e+03 4.865939e+01
9.915550e+03 5.091398e+01
1.007590e+04 5.327650e+01
1.023890e+04 5.575298e+01
1.040450e+04 5.834886e+01
1.057280e+04 6.107063e+01
1.074380e+04 6.392440e+01
1.091760e+04 6.691774e+01
1.109420e+04 7.005733e+01
1.110300e+04 7.021682e+01
1.110320e+04 9.239420e+00
1.127360e+04 9.600063e+00
1.145590e+04 9.995162e+00
1.164120e+04 1.040844e+01
1.182950e+04 1.084072e+01
1.202080e+04 1.129287e+01
1.221530e+04 1.176588e+01
1.241280e+04 1.226055e+01
1.261360e+04 1.277815e+01
1.281760e+04 1.331955e+01
1.302500e+04 1.388605e+01
1.323560e+04 1.447851e+01
1.344970e+04 1.509851e+01
1.366720e+04 1.574708e+01
1.388830e+04 1.642575e+01
1.411290e+04 1.713578e+01
1.434120e+04 1.787882e+01
1.457310e+04 1.865618e+01
1.480890e+04 1.946985e+01
1.504840e+04 2.032123e+01
1.529180e+04 2.121222e+01
1.553910e+04 2.214453e+01
1.579040e+04 2.312038e+01
1.604580e+04 2.414181e+01
1.630540e+04 2.521091e+01
1.656910e+04 2.632979e+01
1.683710e+04 2.750115e+01
1.710940e+04 2.872709e+01
1.738610e+04 3.001052e+01
1.766740e+04 3.135422e+01
1.795310e+04 3.276071e+01
1.824350e+04 3.423316e+01
1.853860e+04 3.577493e+01
1.883840e+04 3.738892e+01
1.914310e+04 3.907901e+01
1.945270e+04 4.084861e+01
1.976740e+04 4.270174e+01
2.008710e+04 4.464191e+01
2.041200e+04 4.667379e+01
2.074210e+04 4.880119e+01
2.107760e+04 5.102958e+01
2.141850e+04 5.336320e+01
2.176500e+04 5.580728e+01
2.211700e+04 5.836704e+01
2.247470e+04 6.104779e+01
2.283820e+04 6.385581e+01
2.320760e+04 6.679663e+01
2.358300e+04 6.987784e+01
2.396440e+04 7.310466e+01
2.435200e+04 7.648504e+01
2.474590e+04 8.002646e+01
2.514620e+04 8.373642e+01
2.555290e+04 8.762278e+01
2.596620e+04 9.169441e+01
2.638610e+04 9.595994e+01
2.681290e+04 1.004293e+02
2.724660e+04 1.051122e+02
2.768730e+04 1.100184e+02
2.813510e+04 1.151593e+02
2.859020e+04 1.205461e+02
2.905260e+04 1.261906e+02
2.952250e+04 1.321055e+02
3.000000e+04 1.383035e+02
