# material=Hf density=13.31
# Photon Energy [eV]  Attenuation Length [um]
1.000000e+01 1.214774e-02
1.016170e+01 1.192827e-02
1.032610e+01 1.171285e-02
1.049310e+01 1.151794e-02
1.066280e+01 1.139336e-02
1.083530e+01 1.127020e-02
1.101060e+01 1.114834e-02
1.118860e+01 1.109583e-02
1.136960e+01 1.106315e-02
1.155350e+01 1.103058e-02
1.174040e+01 1.099814e-02
1.193030e+01 1.104029e-02
1.212320e+01 1.108658e-02
1.231930e+01 1.113317e-02
1.251860e+01 1.120105e-02
1.272100e+01 1.128381e-02
1.292680e+01 1.136730e-02
1.313590e+01 1.145138e-02
1.334830e+01 1.154264e-02
1.356420e+01 1.180100e-02
1.378360e+01 1.206517e-02
1.400660e+01 1.233524e-02
1.423310e+01 1.260077e-02
1.446330e+01 1.286120e-02
1.469730e+01 1.312709e-02
1.493500e+01 1.339838e-02
1.517650e+01 1.370240e-02
1.542200e+01 1.406371e-02
1.567140e+01 1.443452e-02
1.592490e+01 1.481518e-02
1.618250e+01 1.520585e-02
1.644420e+01 1.566491e-02
1.671020e+01 1.617387e-02
1.698050e+01 1.669934e-02
1.725510e+01 1.724187e-02
1.753420e+01 1.780203e-02
1.781780e+01 1.840280e-02
1.810600e+01 1.903087e-02
1.839890e+01 1.968042e-02
1.869640e+01 2.035202e-02
1.899880e+01 2.104662e-02
1.930610e+01 2.176496e-02
1.961840e+01 2.247772e-02
1.993570e+01 2.319324e-02
2.025820e+01 2.393153e-02
2.058580e+01 2.469328e-02
2.091880e+01 2.547932e-02
2.125710e+01 2.629028e-02
2.160090e+01 2.707580e-02
2.195030e+01 2.780854e-02
2.230530e+01 2.856098e-02
2.266610e+01 2.933389e-02
2.303270e+01 3.012767e-02
2.340530e+01 3.094298e-02
2.378380e+01 3.186038e-02
2.416850e+01 3.282568e-02
2.455940e+01 3.382015e-02
2.495660e+01 3.484473e-02
2.536030e+01 3.588380e-02
2.577050e+01 3.693454e-02
2.618730e+01 3.801609e-02
2.661090e+01 3.906722e-02
2.704130e+01 3.954842e-02
2.747860e+01 4.003566e-02
2.792310e+01 4.052912e-02
2.837470e+01 4.004877e-02
2.883370e+01 3.946251e-02
2.930000e+01 3.888479e-02
2.977390e+01 3.822527e-02
3.025550e+01 3.671106e-02
3.074490e+01 3.525705e-02
3.124210e+01 3.386040e-02
3.174750e+01 3.230241e-02
3.226090e+01 3.070324e-02
3.278270e+01 2.893090e-02
3.331300e+01 2.582586e-02
3.385180e+01 2.305401e-02
3.439930e+01 2.057963e-02
3.495570e+01 1.837088e-02
3.552110e+01 1.639916e-02
3.609560e+01 1.474891e-02
3.667940e+01 1.328064e-02
3.727270e+01 1.208291e-02
3.787550e+01 1.125386e-02
3.848820e+01 1.048170e-02
3.911070e+01 1.005125e-02
3.974320e+01 9.643967e-03
4.038610e+01 9.253218e-03
4.103930e+01 8.909521e-03
4.170310e+01 8.749584e-03
4.237760e+01 8.592469e-03
4.306300e+01 8.438250e-03
4.375950e+01 8.351504e-03
4.446730e+01 8.390314e-03
4.518650e+01 8.429294e-03
4.591740e+01 8.511135e-03
4.666000e+01 8.684900e-03
4.741470e+01 8.862175e-03
4.818160e+01 9.043119e-03
4.896090e+01 9.227699e-03
4.975280e+01 9.539028e-03
5.055760e+01 9.890711e-03
5.137530e+01 1.025535e-02
5.220620e+01 1.063539e-02
5.305060e+01 1.105720e-02
5.390870e+01 1.149582e-02
5.478060e+01 1.195175e-02
5.566670e+01 1.242580e-02
5.656700e+01 1.291859e-02
5.748200e+01 1.343093e-02
5.841170e+01 1.396370e-02
5.935640e+01 1.462135e-02
6.031650e+01 1.538700e-02
6.129210e+01 1.619288e-02
6.228340e+01 1.704076e-02
6.329080e+01 1.793316e-02
6.431450e+01 1.887226e-02
6.535470e+01 1.986052e-02
6.641180e+01 2.085637e-02
6.748590e+01 2.162475e-02
6.857750e+01 2.242158e-02
6.968670e+01 2.324773e-02
7.081380e+01 2.410430e-02
7.195910e+01 2.499246e-02
7.312300e+01 2.591335e-02
7.430570e+01 2.686816e-02
7.550760e+01 2.767304e-02
7.672890e+01 2.803494e-02
7.796990e+01 2.840156e-02
7.923100e+01 2.877299e-02
8.051250e+01 2.914925e-02
8.181470e+01 2.953046e-02
8.313800e+01 2.991668e-02
8.448270e+01 3.016648e-02
8.584910e+01 3.035508e-02
8.723770e+01 3.054489e-02
8.864870e+01 3.073584e-02
9.008250e+01 3.092804e-02
9.153950e+01 3.110194e-02
9.302010e+01 3.120375e-02
9.452460e+01 3.130595e-02
9.605350e+01 3.140843e-02
9.760710e+01 3.151128e-02
9.918580e+01 3.161446e-02
1.007900e+02 3.171804e-02
1.024200e+02 3.182185e-02
1.040770e+02 3.192612e-02
1.057600e+02 3.203048e-02
1.074710e+02 3.213547e-02
1.092090e+02 3.222847e-02
1.109750e+02 3.228150e-02
1.127700e+02 3.233466e-02
1.145940e+02 3.238791e-02
1.164480e+02 3.244149e-02
1.183310e+02 3.249481e-02
1.202450e+02 3.254837e-02
1.221900e+02 3.260216e-02
1.241660e+02 3.265584e-02
1.261750e+02 3.270964e-02
1.282150e+02 3.276354e-02
1.302890e+02 3.281749e-02
1.323970e+02 3.287170e-02
1.345380e+02 3.292588e-02
1.367140e+02 3.297999e-02
1.389250e+02 3.303695e-02
1.411720e+02 3.311660e-02
1.434560e+02 3.319665e-02
1.457760e+02 3.327682e-02
1.481340e+02 3.335705e-02
1.505300e+02 3.343751e-02
1.529640e+02 3.351815e-02
1.554390e+02 3.359913e-02
1.579530e+02 3.368017e-02
1.605070e+02 3.376144e-02
1.631030e+02 3.384507e-02
1.657420e+02 3.393070e-02
1.684220e+02 3.401588e-02
1.711460e+02 3.410159e-02
1.739150e+02 3.418776e-02
1.767270e+02 3.427373e-02
1.795860e+02 3.436002e-02
1.824910e+02 3.444678e-02
1.854420e+02 3.453335e-02
1.884420e+02 3.468523e-02
1.914890e+02 3.485612e-02
1.945870e+02 3.502789e-02
1.977340e+02 3.520049e-02
2.009320e+02 3.537400e-02
2.041820e+02 3.554829e-02
2.074850e+02 3.572346e-02
2.108400e+02 3.589943e-02
2.142510e+02 3.610176e-02
2.177160e+02 3.637196e-02
2.212370e+02 3.664399e-02
2.248160e+02 3.691826e-02
2.284520e+02 3.719432e-02
2.321470e+02 3.747256e-02
2.359020e+02 3.775302e-02
2.397170e+02 3.803541e-02
2.435950e+02 3.832009e-02
2.475350e+02 3.862245e-02
2.515380e+02 3.897871e-02
2.556070e+02 3.933858e-02
2.597410e+02 3.970140e-02
2.639420e+02 4.006775e-02
2.682110e+02 4.043746e-02
2.725490e+02 4.081057e-02
2.769570e+02 4.118710e-02
2.814370e+02 4.156722e-02
2.859890e+02 4.195062e-02
2.906150e+02 4.258528e-02
2.953150e+02 4.329151e-02
3.000920e+02 4.400961e-02
3.049450e+02 4.473964e-02
3.098780e+02 4.548181e-02
3.148900e+02 4.623617e-02
3.199830e+02 4.700327e-02
3.251580e+02 4.778282e-02
3.304180e+02 4.851485e-02
3.357620e+02 4.924913e-02
3.411920e+02 4.999474e-02
3.467110e+02 5.075163e-02
3.523190e+02 5.152000e-02
3.580170e+02 5.229995e-02
3.638080e+02 5.309188e-02
3.696920e+02 5.389552e-02
3.756720e+02 5.470075e-02
3.817480e+02 5.551064e-02
3.879220e+02 5.633233e-02
3.941970e+02 5.716645e-02
4.005730e+02 5.801269e-02
4.070520e+02 5.887155e-02
4.136350e+02 5.974014e-02
4.203260e+02 6.062051e-02
4.271240e+02 6.151380e-02
4.340320e+02 6.242038e-02
4.410520e+02 6.334021e-02
4.481860e+02 6.427379e-02
4.554350e+02 6.522091e-02
4.628020e+02 6.628841e-02
4.702870e+02 6.744630e-02
4.778940e+02 6.862497e-02
4.856230e+02 6.982357e-02
4.934780e+02 7.104368e-02
5.014590e+02 7.228475e-02
5.095700e+02 7.354776e-02
5.178120e+02 7.463156e-02
5.261870e+02 7.568836e-02
5.346980e+02 7.676050e-02
5.433460e+02 7.784735e-02
5.521340e+02 7.894955e-02
5.610650e+02 8.006780e-02
5.701390e+02 8.131466e-02
5.793610e+02 8.295701e-02
5.887320e+02 8.463231e-02
5.982540e+02 8.634192e-02
6.079300e+02 8.808545e-02
6.177630e+02 8.986485e-02
6.277550e+02 9.169843e-02
6.379080e+02 9.409197e-02
6.482260e+02 9.664269e-02
6.587110e+02 9.932762e-02
6.693650e+02 1.020872e-01
6.801910e+02 1.047646e-01
6.911930e+02 1.073877e-01
7.023720e+02 1.100690e-01
7.137330e+02 1.130614e-01
7.252770e+02 1.163088e-01
7.370080e+02 1.196507e-01
7.489280e+02 1.230889e-01
7.610420e+02 1.266283e-01
7.733510e+02 1.302797e-01
7.858590e+02 1.340728e-01
7.985700e+02 1.380080e-01
8.114860e+02 1.420590e-01
8.246110e+02 1.462299e-01
8.379490e+02 1.505233e-01
8.515020e+02 1.549625e-01
8.652740e+02 1.595526e-01
8.792690e+02 1.642988e-01
8.934910e+02 1.691874e-01
9.079430e+02 1.742221e-01
9.226280e+02 1.794079e-01
9.375510e+02 1.849184e-01
9.527150e+02 1.906468e-01
9.681240e+02 1.965955e-01
9.837830e+02 2.027297e-01
9.996950e+02 2.090873e-01
1.015860e+03 2.156772e-01
1.032290e+03 2.227704e-01
1.048990e+03 2.301490e-01
1.065960e+03 2.378247e-01
1.083200e+03 2.457557e-01
1.100720e+03 2.539577e-01
1.118520e+03 2.624364e-01
1.136610e+03 2.712014e-01
1.155000e+03 2.802646e-01
1.173680e+03 2.896315e-01
1.192660e+03 2.993169e-01
1.211950e+03 3.093272e-01
1.231550e+03 3.196730e-01
1.251470e+03 3.303735e-01
1.271720e+03 3.414325e-01
1.292290e+03 3.528500e-01
1.313190e+03 3.646489e-01
1.334430e+03 3.768482e-01
1.356010e+03 3.894654e-01
1.377940e+03 4.025078e-01
1.400230e+03 4.159891e-01
1.422880e+03 4.299325e-01
1.445890e+03 4.443593e-01
1.469280e+03 4.593981e-01
1.493040e+03 4.751437e-01
1.517190e+03 4.923243e-01
1.541730e+03 5.102574e-01
1.566670e+03 5.288494e-01
1.592010e+03 5.481222e-01
1.617760e+03 5.681031e-01
1.643920e+03 5.888168e-01
1.661600e+03 6.030470e-01
1.661800e+03 1.257076e-01
1.670510e+03 1.273331e-01
1.697530e+03 1.324540e-01
1.724990e+03 1.377812e-01
1.752890e+03 1.433224e-01
1.781240e+03 1.490865e-01
1.810050e+03 1.550829e-01
1.839320e+03 1.613225e-01
1.869070e+03 1.678156e-01
1.899300e+03 1.745733e-01
1.930020e+03 1.816028e-01
1.961240e+03 1.889175e-01
1.992960e+03 1.965274e-01
2.025200e+03 2.043970e-01
2.057950e+03 2.126289e-01
2.091240e+03 2.212019e-01
2.107500e+03 2.254632e-01
2.107700e+03 1.943640e-01
2.125060e+03 1.984014e-01
2.159430e+03 2.065424e-01
2.194360e+03 2.150071e-01
2.229850e+03 2.238275e-01
2.265920e+03 2.330045e-01
2.302570e+03 2.425564e-01
2.339810e+03 2.525005e-01
2.365300e+03 2.594437e-01
2.365500e+03 2.431769e-01
2.377660e+03 2.462756e-01
2.416110e+03 2.562294e-01
2.455190e+03 2.665838e-01
2.494900e+03 2.773555e-01
2.535260e+03 2.885512e-01
2.576260e+03 3.002016e-01
2.600800e+03 3.073064e-01
2.601000e+03 2.916062e-01
2.617930e+03 2.963568e-01
2.660270e+03 3.084413e-01
2.703300e+03 3.210077e-01
2.747030e+03 3.340778e-01
2.791460e+03 3.476781e-01
2.836610e+03 3.618071e-01
2.882490e+03 3.765139e-01
2.929110e+03 3.918088e-01
2.976480e+03 4.077010e-01
3.024630e+03 4.242377e-01
3.073550e+03 4.414215e-01
3.123260e+03 4.593038e-01
3.173780e+03 4.778829e-01
3.225110e+03 4.972172e-01
3.277270e+03 5.172935e-01
3.330280e+03 5.381866e-01
3.384150e+03 5.598930e-01
3.438880e+03 5.824895e-01
3.494500e+03 6.059628e-01
3.551020e+03 6.303758e-01
3.608460e+03 6.557574e-01
3.666820e+03 6.821246e-01
3.726130e+03 7.095981e-01
3.786400e+03 7.381104e-01
3.847640e+03 7.677680e-01
3.909870e+03 7.986329e-01
3.973110e+03 8.307296e-01
4.037380e+03 8.641071e-01
4.102680e+03 8.988183e-01
4.169030e+03 9.349241e-01
4.236460e+03 9.724708e-01
4.304980e+03 1.011544e+00
4.374620e+03 1.052198e+00
4.445370e+03 1.094493e+00
4.517270e+03 1.138495e+00
4.590330e+03 1.184276e+00
4.664580e+03 1.231946e+00
4.740030e+03 1.281536e+00
4.816690e+03 1.333162e+00
4.894600e+03 1.386900e+00
4.973770e+03 1.442868e+00
5.054210e+03 1.501117e+00
5.135960e+03 1.561770e+00
5.219030e+03 1.624957e+00
5.303440e+03 1.690749e+00
5.389220e+03 1.759282e+00
5.476390e+03 1.830690e+00
5.564970e+03 1.905066e+00
5.654980e+03 1.982573e+00
5.746440e+03 2.063337e+00
5.839390e+03 2.147535e+00
5.933830e+03 2.235287e+00
6.029810e+03 2.326728e+00
6.127330e+03 2.422146e+00
6.226440e+03 2.521579e+00
6.327150e+03 2.625357e+00
6.429480e+03 2.733505e+00
6.533480e+03 2.846478e+00
6.639150e+03 2.964278e+00
6.746540e+03 3.087169e+00
6.855650e+03 3.215515e+00
6.966540e+03 3.349487e+00
7.079220e+03 3.489314e+00
7.193720e+03 3.635487e+00
7.310070e+03 3.788107e+00
7.428310e+03 3.947540e+00
7.548450e+03 4.114107e+00
7.670540e+03 4.288246e+00
7.794610e+03 4.470267e+00
7.920680e+03 4.660690e+00
8.048790e+03 4.860109e+00
8.178980e+03 5.068368e+00
8.311260e+03 5.286578e+00
8.445690e+03 5.514818e+00
8.582290e+03 5.753957e+00
8.721110e+03 6.004490e+00
8.862160e+03 6.266697e+00
9.005500e+03 6.541662e+00
9.151160e+03 6.829850e+00
9.299170e+03 7.132409e+00
9.449580e+03 7.449734e+00
9.560600e+03 7.689574e+00
9.560800e+03 2.818991e+00
9.602420e+03 2.853838e+00
9.757730e+03 2.986303e+00
9.915550e+03 3.124965e+00
1.007590e+04 3.270037e+00
1.023890e+04 3.421862e+00
1.040450e+04 3.580723e+00
1.057280e+04 3.746976e+00
1.073930e+04 3.916296e+00
1.073950e+04 2.799322e+00
1.074380e+04 2.802483e+00
1.091760e+04 2.932600e+00
1.109420e+04 3.068758e+00
1.127060e+04 3.208794e+00
1.127080e+04 2.775237e+00
1.127360e+04 2.776978e+00
1.145590e+04 2.891572e+00
1.164120e+04 3.011278e+00
1.182950e+04 3.136360e+00
1.202080e+04 3.266989e+00
1.221530e+04 3.403472e+00
1.241280e+04 3.546022e+00
1.261360e+04 3.694970e+00
1.281760e+04 3.850542e+00
1.302500e+04 4.013097e+00
1.323560e+04 4.182888e+00
1.344970e+04 4.360291e+00
1.366720e+04 4.545613e+00
1.388830e+04 4.739256e+00
1.411290e+04 4.941547e+00
1.434120e+04 5.152915e+00
1.457310e+04 5.373724e+00
1.480890e+04 5.604476e+00
1.504840e+04 5.845533e+00
1.529180e+04 6.097408e+00
1.553910e+04 6.360555e+00
1.579040e+04 6.635522e+00
1.604580e+04 6.922838e+00
1.630540e+04 7.223084e+00
1.656910e+04 7.536765e+00
1.683710e+04 7.864556e+00
1.710940e+04 8.207045e+00
1.738610e+04 8.564930e+00
1.766740e+04 8.938970e+00
1.795310e+04 9.329735e+00
1.824350e+04 9.738125e+00
1.853860e+04 1.016488e+01
1.883840e+04 1.061079e+01
1.914310e+04 1.107679e+01
1.945270e+04 1.156374e+01
1.976740e+04 1.207266e+01
2.008710e+04 1.260445e+01
2.041200e+04 1.316022e+01
2.074210e+04 1.374095e+01
2.107760e+04 1.434790e+01
2.141850e+04 1.498216e+01
2.176500e+04 1.564507e+01
2.211700e+04 1.633777e+01
2.247470e+04 1.706168e+01
2.283820e+04 1.781824e+01
2.320760e+04 1.860891e+01
2.358300e+04 1.943527e+01
2.396440e+04 2.029883e+01
2.435200e+04 2.120138e+01
2.474590e+04 2.214464e+01
2.514620e+04 2.313049e+01
2.555290e+04 2.416068e+01
2.596620e+04 2.523742e+01
2.638610e+04 2.636264e+01
2.681290e+04 2.753883e+01
2.724660e+04 2.876800e+01
2.768730e+04 3.005265e+01
2.813510e+04 3.139535e+01
2.859020e+04 3.279864e+01
2.905260e+04 3.426533e+01
2.952250e+04 3.579822e+01
3.000000e+04 3.740042e+01
