# material=Ho density=8.795
# Photon Energy [eV]  Attenuation Length [um]
1.000000e+01 2.658578e-01
1.016170e+01 2.638326e-01
1.032610e+01 2.618239e-01
1.049310e+01 2.598286e-01
1.066280e+01 2.578485e-01
1.083530e+01 2.558854e-01
1.101060e+01 2.533735e-01
1.118860e+01 2.482390e-01
1.136960e+01 2.432098e-01
1.155350e+01 2.382828e-01
1.174040e+01 2.337534e-01
1.193030e+01 2.297953e-01
1.212320e+01 2.259028e-01
1.231930e+01 2.220780e-01
1.251860e+01 2.180448e-01
1.272100e+01 2.138981e-01
1.292680e+01 2.098332e-01
1.313590e+01 2.059703e-01
1.334830e+01 2.026199e-01
1.356420e+01 1.993250e-01
1.378360e+01 1.960839e-01
1.400660e+01 1.928966e-01
1.423310e+01 1.902620e-01
1.446330e+01 1.877508e-01
1.469730e+01 1.852733e-01
1.493500e+01 1.826705e-01
1.517650e+01 1.799050e-01
1.542200e+01 1.771831e-01
1.567140e+01 1.745821e-01
1.592490e+01 1.736925e-01
1.618250e+01 1.728073e-01
1.644420e+01 1.719258e-01
1.671020e+01 1.702206e-01
1.698050e+01 1.662452e-01
1.725510e+01 1.623619e-01
1.753420e+01 1.604959e-01
1.781780e+01 1.591240e-01
1.810600e+01 1.577645e-01
1.839890e+01 1.564071e-01
1.869640e+01 1.547563e-01
1.899880e+01 1.531237e-01
1.930610e+01 1.515086e-01
1.961840e+01 1.496927e-01
1.993570e+01 1.478956e-01
2.025820e+01 1.461205e-01
2.058580e+01 1.435845e-01
2.091880e+01 1.408764e-01
2.125710e+01 1.382188e-01
2.160090e+01 1.349673e-01
2.195030e+01 1.307681e-01
2.230530e+01 1.257153e-01
2.266610e+01 1.145417e-01
2.303270e+01 1.057459e-01
2.340530e+01 9.829033e-02
2.378380e+01 8.107773e-02
2.416850e+01 7.430382e-02
2.455940e+01 6.785510e-02
2.495660e+01 5.953162e-02
2.536030e+01 4.956669e-02
2.577050e+01 4.476897e-02
2.618730e+01 3.925206e-02
2.661090e+01 3.417153e-02
2.704130e+01 3.006886e-02
2.747860e+01 2.673876e-02
2.792310e+01 2.423059e-02
2.837470e+01 2.236448e-02
2.883370e+01 2.074677e-02
2.930000e+01 1.924464e-02
2.977390e+01 1.779042e-02
3.025550e+01 1.644610e-02
3.074490e+01 1.520339e-02
3.124210e+01 1.433464e-02
3.174750e+01 1.354913e-02
3.226090e+01 1.302258e-02
3.278270e+01 1.275757e-02
3.331300e+01 1.249792e-02
3.385180e+01 1.238620e-02
3.439930e+01 1.230298e-02
3.495570e+01 1.226746e-02
3.552110e+01 1.231306e-02
3.609560e+01 1.235888e-02
3.667940e+01 1.259137e-02
3.727270e+01 1.284411e-02
3.787550e+01 1.310188e-02
3.848820e+01 1.336497e-02
3.911070e+01 1.363330e-02
3.974320e+01 1.395672e-02
4.038610e+01 1.434745e-02
4.103930e+01 1.474916e-02
4.170310e+01 1.516222e-02
4.237760e+01 1.558662e-02
4.306300e+01 1.602306e-02
4.375950e+01 1.647730e-02
4.446730e+01 1.694759e-02
4.518650e+01 1.743114e-02
4.591740e+01 1.792850e-02
4.666000e+01 1.843996e-02
4.741470e+01 1.896611e-02
4.818160e+01 1.950733e-02
4.896090e+01 2.006401e-02
4.975280e+01 2.063655e-02
5.055760e+01 2.122541e-02
5.137530e+01 2.179954e-02
5.220620e+01 2.238658e-02
5.305060e+01 2.298956e-02
5.390870e+01 2.360868e-02
5.478060e+01 2.424449e-02
5.566670e+01 2.489747e-02
5.656700e+01 2.556793e-02
5.748200e+01 2.625655e-02
5.841170e+01 2.694866e-02
5.935640e+01 2.753318e-02
6.031650e+01 2.813044e-02
6.129210e+01 2.874061e-02
6.228340e+01 2.936401e-02
6.329080e+01 3.000092e-02
6.431450e+01 3.065167e-02
6.535470e+01 3.131652e-02
6.641180e+01 3.199579e-02
6.748590e+01 3.263365e-02
6.857750e+01 3.314611e-02
6.968670e+01 3.366667e-02
7.081380e+01 3.419533e-02
7.195910e+01 3.473231e-02
7.312300e+01 3.527773e-02
7.430570e+01 3.583168e-02
7.550760e+01 3.639440e-02
7.672890e+01 3.696591e-02
7.796990e+01 3.754642e-02
7.923100e+01 3.813599e-02
8.051250e+01 3.868983e-02
8.181470e+01 3.908175e-02
8.313800e+01 3.947757e-02
8.448270e+01 3.987747e-02
8.584910e+01 4.028138e-02
8.723770e+01 4.068941e-02
8.864870e+01 4.110155e-02
9.008250e+01 4.151787e-02
9.153950e+01 4.193838e-02
9.302010e+01 4.236320e-02
9.452460e+01 4.279229e-02
9.605350e+01 4.322575e-02
9.760710e+01 4.366361e-02
9.918580e+01 4.410604e-02
1.007900e+02 4.455266e-02
1.024200e+02 4.514689e-02
1.040770e+02 4.577090e-02
1.057600e+02 4.640298e-02
1.074710e+02 4.704439e-02
1.092090e+02 4.769462e-02
1.109750e+02 4.835357e-02
1.127700e+02 4.902161e-02
1.145940e+02 4.972962e-02
1.164480e+02 5.053665e-02
1.183310e+02 5.135634e-02
1.202450e+02 5.218957e-02
1.221900e+02 5.303633e-02
1.241660e+02 5.398392e-02
1.261750e+02 5.587013e-02
1.282150e+02 5.782120e-02
1.302890e+02 5.984096e-02
1.323970e+02 6.193152e-02
1.345380e+02 6.433320e-02
1.367140e+02 6.685170e-02
1.389250e+02 6.946874e-02
1.411720e+02 7.218822e-02
1.434560e+02 7.756437e-02
1.457760e+02 8.431912e-02
1.481340e+02 9.037830e-02
1.505300e+02 9.687075e-02
1.529640e+02 1.078691e-01
1.554390e+02 6.075522e-02
1.579530e+02 1.424250e-02
1.605070e+02 1.743596e-02
1.631030e+02 2.201849e-02
1.657420e+02 2.778566e-02
1.684220e+02 2.978843e-02
1.711460e+02 3.193555e-02
1.739150e+02 3.423764e-02
1.767270e+02 3.655392e-02
1.795860e+02 3.772537e-02
1.824910e+02 3.893429e-02
1.854420e+02 4.018158e-02
1.884420e+02 4.146918e-02
1.914890e+02 4.279783e-02
1.945870e+02 4.416919e-02
1.977340e+02 4.558450e-02
2.009320e+02 4.675151e-02
2.041820e+02 4.767647e-02
2.074850e+02 4.861968e-02
2.108400e+02 4.958157e-02
2.142510e+02 5.056247e-02
2.177160e+02 5.156288e-02
2.212370e+02 5.258289e-02
2.248160e+02 5.362343e-02
2.284520e+02 5.468416e-02
2.321470e+02 5.576993e-02
2.359020e+02 5.713028e-02
2.397170e+02 5.852362e-02
2.435950e+02 5.995120e-02
2.475350e+02 6.141368e-02
2.515380e+02 6.291153e-02
2.556070e+02 6.444608e-02
2.597410e+02 6.601802e-02
2.639420e+02 6.750312e-02
2.682110e+02 6.875353e-02
2.725490e+02 7.002747e-02
2.769570e+02 7.132494e-02
2.814370e+02 7.264619e-02
2.859890e+02 7.399218e-02
2.906150e+02 7.536317e-02
2.953150e+02 7.675977e-02
3.000920e+02 7.793325e-02
3.049450e+02 7.912025e-02
3.098780e+02 8.032579e-02
3.148900e+02 8.154910e-02
3.199830e+02 8.279156e-02
3.251580e+02 8.405245e-02
3.304180e+02 8.533295e-02
3.357620e+02 8.663275e-02
3.411920e+02 8.786337e-02
3.467110e+02 8.907512e-02
3.523190e+02 9.030349e-02
3.580170e+02 9.154860e-02
3.638080e+02 9.281107e-02
3.696920e+02 9.409130e-02
3.756720e+02 9.538883e-02
3.817480e+02 9.670406e-02
3.879220e+02 9.803734e-02
3.941970e+02 9.939715e-02
4.005730e+02 1.009929e-01
4.070520e+02 1.026142e-01
4.136350e+02 1.042613e-01
4.203260e+02 1.059353e-01
4.271240e+02 1.076358e-01
4.340320e+02 1.093630e-01
4.410520e+02 1.111186e-01
4.481860e+02 1.129026e-01
4.554350e+02 1.147150e-01
4.628020e+02 1.168871e-01
4.702870e+02 1.191442e-01
4.778940e+02 1.214456e-01
4.856230e+02 1.237909e-01
4.934780e+02 1.261816e-01
5.014590e+02 1.286186e-01
5.095700e+02 1.311019e-01
5.178120e+02 1.336336e-01
5.261870e+02 1.362146e-01
5.346980e+02 1.388454e-01
5.433460e+02 1.415264e-01
5.521340e+02 1.451748e-01
5.610650e+02 1.490488e-01
5.701390e+02 1.530265e-01
5.793610e+02 1.571104e-01
5.887320e+02 1.613035e-01
5.982540e+02 1.656077e-01
6.079300e+02 1.700267e-01
6.177630e+02 1.745648e-01
6.277550e+02 1.792236e-01
6.379080e+02 1.839560e-01
6.482260e+02 1.889427e-01
6.587110e+02 1.941744e-01
6.693650e+02 1.995483e-01
6.801910e+02 2.047661e-01
6.911930e+02 2.098816e-01
7.023720e+02 2.151097e-01
7.137330e+02 2.209350e-01
7.252770e+02 2.272519e-01
7.370080e+02 2.337478e-01
7.489280e+02 2.404286e-01
7.610420e+02 2.473052e-01
7.733510e+02 2.544068e-01
7.858590e+02 2.618090e-01
7.985700e+02 2.695050e-01
8.114860e+02 2.774250e-01
8.246110e+02 2.855817e-01
8.379490e+02 2.939821e-01
8.515020e+02 3.026541e-01
8.652740e+02 3.116202e-01
8.792690e+02 3.208821e-01
8.934910e+02 3.304234e-01
9.079430e+02 3.402488e-01
9.226280e+02 3.503599e-01
9.375510e+02 3.610321e-01
9.527150e+02 3.720963e-01
9.681240e+02 3.835637e-01
9.837830e+02 3.953919e-01
9.996950e+02 4.076213e-01
1.015860e+03 4.202688e-01
1.032290e+03 4.337422e-01
1.048990e+03 4.477372e-01
1.065960e+03 4.622727e-01
1.083200e+03 4.772968e-01
1.100720e+03 4.927973e-01
1.118520e+03 5.087941e-01
1.136610e+03 5.253246e-01
1.155000e+03 5.423932e-01
1.173680e+03 5.600083e-01
1.192660e+03 5.782063e-01
1.211950e+03 5.969889e-01
1.231550e+03 6.163649e-01
1.251470e+03 6.363496e-01
1.271720e+03 6.569517e-01
1.292290e+03 6.781734e-01
1.313190e+03 7.000503e-01
1.334430e+03 7.226307e-01
1.351300e+03 7.408207e-01
1.351500e+03 1.420891e-01
1.356010e+03 1.432496e-01
1.377940e+03 1.489728e-01
1.400230e+03 1.549254e-01
1.422880e+03 1.611155e-01
1.445890e+03 1.675530e-01
1.469280e+03 1.742463e-01
1.493040e+03 1.812014e-01
1.517190e+03 1.884274e-01
1.541730e+03 1.959403e-01
1.566670e+03 2.037546e-01
1.592010e+03 2.118769e-01
1.617760e+03 2.203237e-01
1.643920e+03 2.291097e-01
1.670510e+03 2.382457e-01
1.697530e+03 2.477427e-01
1.724990e+03 2.576146e-01
1.741100e+03 2.635140e-01
1.741300e+03 2.268860e-01
1.752890e+03 2.305118e-01
1.781240e+03 2.395233e-01
1.810050e+03 2.488879e-01
1.839320e+03 2.586124e-01
1.869070e+03 2.687174e-01
1.899300e+03 2.792169e-01
1.922700e+03 2.875044e-01
1.922900e+03 2.690161e-01
1.930020e+03 2.714353e-01
1.961240e+03 2.821881e-01
1.992960e+03 2.933662e-01
2.025200e+03 3.049237e-01
2.057950e+03 3.169962e-01
2.091240e+03 3.295578e-01
2.125060e+03 3.426074e-01
2.128200e+03 3.438327e-01
2.128400e+03 3.301301e-01
2.159430e+03 3.412826e-01
2.194360e+03 3.540863e-01
2.229850e+03 3.674257e-01
2.265920e+03 3.813226e-01
2.302570e+03 3.957898e-01
2.339810e+03 4.108823e-01
2.377660e+03 4.266100e-01
2.416110e+03 4.429812e-01
2.455190e+03 4.600548e-01
2.494900e+03 4.778328e-01
2.535260e+03 4.963654e-01
2.576260e+03 5.156657e-01
2.617930e+03 5.357886e-01
2.660270e+03 5.567291e-01
2.703300e+03 5.785915e-01
2.747030e+03 6.013462e-01
2.791460e+03 6.250549e-01
2.836610e+03 6.497048e-01
2.882490e+03 6.755174e-01
2.929110e+03 7.023130e-01
2.976480e+03 7.302312e-01
3.024630e+03 7.593550e-01
3.073550e+03 7.896717e-01
3.123260e+03 8.212838e-01
3.173780e+03 8.541747e-01
3.225110e+03 8.885087e-01
3.277270e+03 9.242773e-01
3.330280e+03 9.614671e-01
3.384150e+03 1.000277e+00
3.438880e+03 1.040696e+00
3.494500e+03 1.082785e+00
3.551020e+03 1.126594e+00
3.608460e+03 1.172360e+00
3.666820e+03 1.220014e+00
3.726130e+03 1.269655e+00
3.786400e+03 1.321371e+00
3.847640e+03 1.375255e+00
3.909870e+03 1.431388e+00
3.973110e+03 1.489875e+00
4.037380e+03 1.550828e+00
4.102680e+03 1.614329e+00
4.169030e+03 1.680484e+00
4.236460e+03 1.749423e+00
4.304980e+03 1.821259e+00
4.374620e+03 1.896118e+00
4.445370e+03 1.974112e+00
4.517270e+03 2.055379e+00
4.590330e+03 2.140023e+00
4.664580e+03 2.228315e+00
4.740030e+03 2.320271e+00
4.816690e+03 2.416033e+00
4.894600e+03 2.515891e+00
4.973770e+03 2.619992e+00
5.054210e+03 2.728394e+00
5.135960e+03 2.841426e+00
5.219030e+03 2.959129e+00
5.303440e+03 3.081849e+00
5.389220e+03 3.209810e+00
5.476390e+03 3.343100e+00
5.564970e+03 3.481961e+00
5.654980e+03 3.626686e+00
5.746440e+03 3.777625e+00
5.839390e+03 3.935024e+00
5.933830e+03 4.099003e+00
6.029810e+03 4.269710e+00
6.127330e+03 4.447893e+00
6.226440e+03 4.633643e+00
6.327150e+03 4.827168e+00
6.429480e+03 5.029063e+00
6.533480e+03 5.239386e+00
6.639150e+03 5.458659e+00
6.746540e+03 5.687437e+00
6.855650e+03 5.925784e+00
6.966540e+03 6.174065e+00
7.079220e+03 6.433616e+00
7.193720e+03 6.703651e+00
7.310070e+03 6.985583e+00
7.428310e+03 7.279940e+00
7.548450e+03 7.586165e+00
7.670540e+03 7.905858e+00
7.794610e+03 8.239875e+00
7.920680e+03 8.587989e+00
8.048790e+03 8.950159e+00
8.071000e+03 9.013880e+00
8.071200e+03 3.214842e+00
8.178980e+03 3.339833e+00
8.311260e+03 3.497490e+00
8.445690e+03 3.662767e+00
8.582290e+03 3.835725e+00
8.721110e+03 4.016955e+00
8.862160e+03 4.206682e+00
8.917700e+03 4.282963e+00
8.917900e+03 3.068941e+00
9.005500e+03 3.157409e+00
9.151160e+03 3.308216e+00
9.299170e+03 3.466296e+00
9.394100e+03 3.570278e+00
9.394300e+03 3.120381e+00
9.449580e+03 3.165522e+00
9.602420e+03 3.292303e+00
9.757730e+03 3.424542e+00
9.915550e+03 3.562556e+00
1.007590e+04 3.706989e+00
1.023890e+04 3.857921e+00
1.040450e+04 4.015656e+00
1.057280e+04 4.180504e+00
1.074380e+04 4.352740e+00
1.091760e+04 4.532767e+00
1.109420e+04 4.720925e+00
1.127360e+04 4.917520e+00
1.145590e+04 5.122976e+00
1.164120e+04 5.337722e+00
1.182950e+04 5.562167e+00
1.202080e+04 5.796718e+00
1.221530e+04 6.041922e+00
1.241280e+04 6.298121e+00
1.261360e+04 6.565959e+00
1.281760e+04 6.845883e+00
1.302500e+04 7.138529e+00
1.323560e+04 7.444326e+00
1.344970e+04 7.764018e+00
1.366720e+04 8.098167e+00
1.388830e+04 8.447486e+00
1.411290e+04 8.812608e+00
1.434120e+04 9.194317e+00
1.457310e+04 9.593289e+00
1.480890e+04 1.001045e+01
1.504840e+04 1.044650e+01
1.529180e+04 1.090234e+01
1.553910e+04 1.137886e+01
1.579040e+04 1.187705e+01
1.604580e+04 1.239790e+01
1.630540e+04 1.294248e+01
1.656910e+04 1.351176e+01
1.683710e+04 1.410696e+01
1.710940e+04 1.472920e+01
1.738610e+04 1.537979e+01
1.766740e+04 1.606008e+01
1.795310e+04 1.677119e+01
1.824350e+04 1.751481e+01
1.853860e+04 1.829226e+01
1.883840e+04 1.910508e+01
1.914310e+04 1.995499e+01
1.945270e+04 2.084359e+01
1.976740e+04 2.177282e+01
2.008710e+04 2.274427e+01
2.041200e+04 2.376010e+01
2.074210e+04 2.482207e+01
2.107760e+04 2.593269e+01
2.141850e+04 2.709377e+01
2.176500e+04 2.830797e+01
2.211700e+04 2.957740e+01
2.247470e+04 3.090471e+01
2.283820e+04 3.229267e+01
2.320760e+04 3.374379e+01
2.358300e+04 3.526131e+01
2.396440e+04 3.684770e+01
2.435200e+04 3.850668e+01
2.474590e+04 4.024128e+01
2.514620e+04 4.205502e+01
2.555290e+04 4.395131e+01
2.596620e+04 4.593406e+01
2.638610e+04 4.800701e+01
2.681290e+04 5.017464e+01
2.724660e+04 5.244089e+01
2.768730e+04 5.481050e+01
2.813510e+04 5.728801e+01
2.859020e+04 5.987865e+01
2.905260e+04 6.258693e+01
2.952250e+04 6.541853e+01
3.000000e+04 6.837894e+01
