# material=Ir density=22.65
# Photon Energy [eV]  Attenuation Length [um]
1.000000e+01 9.053594e-03
1.016170e+01 8.883730e-03
1.032610e+01 8.717136e-03
1.049310e+01 8.553595e-03
1.066280e+01 8.393147e-03
1.083530e+01 8.232974e-03
1.101060e+01 8.074546e-03
1.118860e+01 7.919076e-03
1.136960e+01 7.778400e-03
1.155350e+01 7.736277e-03
1.174040e+01 7.694421e-03
1.193030e+01 7.652750e-03
1.212320e+01 7.611284e-03
1.231930e+01 7.616229e-03
1.251860e+01 7.640276e-03
1.272100e+01 7.664300e-03
1.292680e+01 7.688491e-03
1.313590e+01 7.712728e-03
1.334830e+01 7.742315e-03
1.356420e+01 7.772182e-03
1.378360e+01 7.802155e-03
1.400660e+01 7.814007e-03
1.423310e+01 7.756421e-03
1.446330e+01 7.699265e-03
1.469730e+01 7.642573e-03
1.493500e+01 7.586257e-03
1.517650e+01 7.516891e-03
1.542200e+01 7.412952e-03
1.567140e+01 7.310415e-03
1.592490e+01 7.209332e-03
1.618250e+01 7.083723e-03
1.644420e+01 6.947646e-03
1.671020e+01 6.814218e-03
1.698050e+01 6.683340e-03
1.725510e+01 6.554956e-03
1.753420e+01 6.422332e-03
1.781780e+01 6.257247e-03
1.810600e+01 6.096402e-03
1.839890e+01 5.939715e-03
1.869640e+01 5.787000e-03
1.899880e+01 5.678004e-03
1.930610e+01 5.581577e-03
1.961840e+01 5.486787e-03
1.993570e+01 5.393597e-03
2.025820e+01 5.316230e-03
2.058580e+01 5.261432e-03
2.091880e+01 5.207224e-03
2.125710e+01 5.153552e-03
2.160090e+01 5.109809e-03
2.195030e+01 5.096971e-03
2.230530e+01 5.084155e-03
2.266610e+01 5.071383e-03
2.303270e+01 5.058633e-03
2.340530e+01 5.096283e-03
2.378380e+01 5.141665e-03
2.416850e+01 5.187468e-03
2.455940e+01 5.233665e-03
2.495660e+01 5.281542e-03
2.536030e+01 5.332602e-03
2.577050e+01 5.384157e-03
2.618730e+01 5.436197e-03
2.661090e+01 5.488758e-03
2.704130e+01 5.565885e-03
2.747860e+01 5.678061e-03
2.792310e+01 5.792529e-03
2.837470e+01 5.909285e-03
2.883370e+01 6.028420e-03
2.930000e+01 6.149923e-03
2.977390e+01 6.285740e-03
3.025550e+01 6.481591e-03
3.074490e+01 6.683544e-03
3.124210e+01 6.891762e-03
3.174750e+01 7.106501e-03
3.226090e+01 7.367706e-03
3.278270e+01 7.739374e-03
3.331300e+01 8.129814e-03
3.385180e+01 8.539925e-03
3.439930e+01 8.874912e-03
3.495570e+01 9.186052e-03
3.552110e+01 9.508114e-03
3.609560e+01 9.841449e-03
3.667940e+01 1.009666e-02
3.727270e+01 1.029214e-02
3.787550e+01 1.049136e-02
3.848820e+01 1.069450e-02
3.911070e+01 1.090152e-02
3.974320e+01 1.110093e-02
4.038610e+01 1.119728e-02
4.103930e+01 1.129443e-02
4.170310e+01 1.139243e-02
4.237760e+01 1.149128e-02
4.306300e+01 1.159099e-02
4.375950e+01 1.165598e-02
4.446730e+01 1.169900e-02
4.518650e+01 1.174217e-02
4.591740e+01 1.178553e-02
4.666000e+01 1.178172e-02
4.741470e+01 1.175042e-02
4.818160e+01 1.101204e-02
4.896090e+01 9.803239e-03
4.975280e+01 8.689387e-03
5.055760e+01 8.760678e-03
5.137530e+01 8.832550e-03
5.220620e+01 8.904952e-03
5.305060e+01 8.977985e-03
5.390870e+01 9.051652e-03
5.478060e+01 9.125870e-03
5.566670e+01 9.200750e-03
5.656700e+01 9.276267e-03
5.748200e+01 9.352321e-03
5.841170e+01 9.429035e-03
5.935640e+01 9.458057e-03
6.031650e+01 9.342283e-03
6.129210e+01 9.227974e-03
6.228340e+01 9.088322e-03
6.329080e+01 8.854877e-03
6.431450e+01 8.627380e-03
6.535470e+01 8.528819e-03
6.641180e+01 8.532058e-03
6.748590e+01 8.564909e-03
6.857750e+01 8.909787e-03
6.968670e+01 9.268619e-03
7.081380e+01 9.763938e-03
7.195910e+01 1.044276e-02
7.312300e+01 1.116879e-02
7.430570e+01 1.194527e-02
7.550760e+01 1.274639e-02
7.672890e+01 1.359757e-02
7.796990e+01 1.450555e-02
7.923100e+01 1.547433e-02
8.051250e+01 1.650762e-02
8.181470e+01 1.757472e-02
8.313800e+01 1.835752e-02
8.448270e+01 1.917517e-02
8.584910e+01 2.002920e-02
8.723770e+01 2.092134e-02
8.864870e+01 2.185319e-02
9.008250e+01 2.282654e-02
9.153950e+01 2.384320e-02
9.302010e+01 2.469129e-02
9.452460e+01 2.555498e-02
9.605350e+01 2.644894e-02
9.760710e+01 2.737417e-02
9.918580e+01 2.833175e-02
1.007900e+02 2.932279e-02
1.024200e+02 3.035538e-02
1.040770e+02 3.147063e-02
1.057600e+02 3.262658e-02
1.074710e+02 3.382531e-02
1.092090e+02 3.506776e-02
1.109750e+02 3.618594e-02
1.127700e+02 3.711515e-02
1.145940e+02 3.806829e-02
1.164480e+02 3.904598e-02
1.183310e+02 3.979056e-02
1.202450e+02 4.002910e-02
1.221900e+02 4.026912e-02
1.241660e+02 4.051048e-02
1.261750e+02 4.075355e-02
1.282150e+02 4.053201e-02
1.302890e+02 4.015143e-02
1.323970e+02 3.977456e-02
1.345380e+02 3.940090e-02
1.367140e+02 3.903086e-02
1.389250e+02 3.866422e-02
1.411720e+02 3.821306e-02
1.434560e+02 3.756247e-02
1.457760e+02 3.692272e-02
1.481340e+02 3.629398e-02
1.505300e+02 3.567593e-02
1.529640e+02 3.507219e-02
1.554390e+02 3.449596e-02
1.579530e+02 3.392897e-02
1.605070e+02 3.337116e-02
1.631030e+02 3.282266e-02
1.657420e+02 3.228326e-02
1.684220e+02 3.177741e-02
1.711460e+02 3.146132e-02
1.739150e+02 3.114838e-02
1.767270e+02 3.083835e-02
1.795860e+02 3.053176e-02
1.824910e+02 3.022803e-02
1.854420e+02 2.984706e-02
1.884420e+02 2.941598e-02
1.914890e+02 2.899066e-02
1.945870e+02 2.860273e-02
1.977340e+02 2.827677e-02
2.009320e+02 2.795468e-02
2.041820e+02 2.763622e-02
2.074850e+02 2.732140e-02
2.108400e+02 2.700996e-02
2.142510e+02 2.670230e-02
2.177160e+02 2.639791e-02
2.212370e+02 2.615587e-02
2.248160e+02 2.597017e-02
2.284520e+02 2.578565e-02
2.321470e+02 2.560247e-02
2.359020e+02 2.542063e-02
2.397170e+02 2.523995e-02
2.435950e+02 2.506067e-02
2.475350e+02 2.496512e-02
2.515380e+02 2.507578e-02
2.556070e+02 2.518697e-02
2.597410e+02 2.529852e-02
2.639420e+02 2.541071e-02
2.682110e+02 2.552343e-02
2.725490e+02 2.564030e-02
2.769570e+02 2.577115e-02
2.814370e+02 2.590286e-02
2.859890e+02 2.603523e-02
2.906150e+02 2.619082e-02
2.953150e+02 2.637980e-02
3.000920e+02 2.657020e-02
3.049450e+02 2.676185e-02
3.098780e+02 2.695501e-02
3.148900e+02 2.714951e-02
3.199830e+02 2.726827e-02
3.251580e+02 2.737897e-02
3.304180e+02 2.749006e-02
3.357620e+02 2.760160e-02
3.411920e+02 2.771360e-02
3.467110e+02 2.782611e-02
3.523190e+02 2.793908e-02
3.580170e+02 2.805240e-02
3.638080e+02 2.825487e-02
3.696920e+02 2.848979e-02
3.756720e+02 2.872669e-02
3.817480e+02 2.896561e-02
3.879220e+02 2.920639e-02
3.941970e+02 2.944927e-02
4.005730e+02 2.969427e-02
4.070520e+02 2.994113e-02
4.136350e+02 3.019004e-02
4.203260e+02 3.044120e-02
4.271240e+02 3.077912e-02
4.340320e+02 3.121134e-02
4.410520e+02 3.164968e-02
4.481860e+02 3.209423e-02
4.554350e+02 3.254503e-02
4.628020e+02 3.300225e-02
4.702870e+02 3.346571e-02
4.778940e+02 3.393578e-02
4.856230e+02 3.441240e-02
4.934780e+02 3.489583e-02
5.014590e+02 3.538587e-02
5.095700e+02 3.588290e-02
5.178120e+02 3.638680e-02
5.261870e+02 3.689792e-02
5.346980e+02 3.741615e-02
5.433460e+02 3.794166e-02
5.521340e+02 3.847459e-02
5.610650e+02 3.909072e-02
5.701390e+02 3.999235e-02
5.793610e+02 4.091488e-02
5.887320e+02 4.185883e-02
5.982540e+02 4.282436e-02
6.079300e+02 4.381231e-02
6.177630e+02 4.482288e-02
6.277550e+02 4.585688e-02
6.379080e+02 4.691462e-02
6.482260e+02 4.799692e-02
6.587110e+02 4.910408e-02
6.693650e+02 5.023682e-02
6.801910e+02 5.139571e-02
6.911930e+02 5.258145e-02
7.023720e+02 5.379429e-02
7.137330e+02 5.503520e-02
7.252770e+02 5.630489e-02
7.370080e+02 5.760364e-02
7.489280e+02 5.893247e-02
7.610420e+02 6.029199e-02
7.733510e+02 6.168270e-02
7.858590e+02 6.310563e-02
7.985700e+02 6.456131e-02
8.114860e+02 6.605062e-02
8.246110e+02 6.757438e-02
8.379490e+02 6.913315e-02
8.515020e+02 7.072786e-02
8.652740e+02 7.235936e-02
8.792690e+02 7.651170e-02
8.934910e+02 7.871485e-02
9.079430e+02 8.098319e-02
9.226280e+02 8.331779e-02
9.375510e+02 8.582448e-02
9.527150e+02 8.843533e-02
9.681240e+02 9.115200e-02
9.837830e+02 9.395411e-02
9.996950e+02 9.685525e-02
1.015860e+03 9.985963e-02
1.032290e+03 1.030821e-01
1.048990e+03 1.064276e-01
1.065960e+03 1.099020e-01
1.083200e+03 1.134914e-01
1.100720e+03 1.172013e-01
1.118520e+03 1.210341e-01
1.136610e+03 1.249928e-01
1.155000e+03 1.290846e-01
1.173680e+03 1.333133e-01
1.192660e+03 1.376816e-01
1.211950e+03 1.421965e-01
1.231550e+03 1.468637e-01
1.251470e+03 1.517243e-01
1.271720e+03 1.567932e-01
1.292290e+03 1.620900e-01
1.313190e+03 1.675723e-01
1.334430e+03 1.732424e-01
1.356010e+03 1.791064e-01
1.377940e+03 1.851744e-01
1.400230e+03 1.914524e-01
1.422880e+03 1.979446e-01
1.445890e+03 2.046624e-01
1.469280e+03 2.116272e-01
1.493040e+03 2.188508e-01
1.517190e+03 2.264093e-01
1.541730e+03 2.342399e-01
1.566670e+03 2.423415e-01
1.592010e+03 2.507404e-01
1.617760e+03 2.594338e-01
1.643920e+03 2.684294e-01
1.670510e+03 2.777364e-01
1.697530e+03 2.873769e-01
1.724990e+03 2.973701e-01
1.752890e+03 3.079150e-01
1.781240e+03 3.189089e-01
1.810050e+03 3.303638e-01
1.839320e+03 3.422447e-01
1.869070e+03 3.545518e-01
1.899300e+03 3.672925e-01
1.930020e+03 3.805051e-01
1.961240e+03 3.942017e-01
1.992960e+03 4.084030e-01
2.025200e+03 4.228949e-01
2.040300e+03 4.297776e-01
2.040500e+03 1.505689e-01
2.057950e+03 1.535260e-01
2.091240e+03 1.592561e-01
2.116000e+03 1.635954e-01
2.116200e+03 1.110046e-01
2.125060e+03 1.121358e-01
2.159430e+03 1.165864e-01
2.194360e+03 1.212129e-01
2.229850e+03 1.260235e-01
2.265920e+03 1.310222e-01
2.302570e+03 1.362219e-01
2.339810e+03 1.416207e-01
2.377660e+03 1.472342e-01
2.416110e+03 1.530697e-01
2.455190e+03 1.591308e-01
2.494900e+03 1.654294e-01
2.535260e+03 1.719766e-01
2.550600e+03 1.745045e-01
2.550800e+03 1.502968e-01
2.576260e+03 1.540811e-01
2.617930e+03 1.603977e-01
2.660270e+03 1.669734e-01
2.703300e+03 1.738059e-01
2.747030e+03 1.809167e-01
2.791460e+03 1.883124e-01
2.836610e+03 1.960054e-01
2.882490e+03 2.040064e-01
2.908600e+03 2.086455e-01
2.908800e+03 1.962866e-01
2.929110e+03 1.996371e-01
2.976480e+03 2.075835e-01
3.024630e+03 2.158395e-01
3.073550e+03 2.244117e-01
3.123260e+03 2.333224e-01
3.173600e+03 2.425540e-01
3.173800e+03 2.340257e-01
3.225110e+03 2.429352e-01
3.277270e+03 2.522179e-01
3.330280e+03 2.618963e-01
3.384150e+03 2.719861e-01
3.438880e+03 2.825072e-01
3.494500e+03 2.934722e-01
3.551020e+03 3.049219e-01
3.608460e+03 3.168410e-01
3.666820e+03 3.292797e-01
3.726130e+03 3.422359e-01
3.786400e+03 3.557726e-01
3.847640e+03 3.698655e-01
3.909870e+03 3.845524e-01
3.973110e+03 3.998678e-01
4.037380e+03 4.158599e-01
4.102680e+03 4.324930e-01
4.169030e+03 4.498719e-01
4.236460e+03 4.679908e-01
4.304980e+03 4.868839e-01
4.374620e+03 5.065811e-01
4.445370e+03 5.271230e-01
4.517270e+03 5.485436e-01
4.590330e+03 5.708764e-01
4.664580e+03 5.941770e-01
4.740030e+03 6.184681e-01
4.816690e+03 6.437944e-01
4.894600e+03 6.702118e-01
4.973770e+03 6.977668e-01
5.054210e+03 7.264921e-01
5.135960e+03 7.564501e-01
5.219030e+03 7.876919e-01
5.303440e+03 8.202784e-01
5.389220e+03 8.542555e-01
5.476390e+03 8.896879e-01
5.564970e+03 9.266290e-01
5.654980e+03 9.651566e-01
5.746440e+03 1.005338e+00
5.839390e+03 1.047237e+00
5.933830e+03 1.090930e+00
6.029810e+03 1.136497e+00
6.127330e+03 1.184003e+00
6.226440e+03 1.233541e+00
6.327150e+03 1.285192e+00
6.429480e+03 1.339030e+00
6.533480e+03 1.395197e+00
6.639150e+03 1.453747e+00
6.746540e+03 1.514797e+00
6.855650e+03 1.578446e+00
6.966540e+03 1.644862e+00
7.079220e+03 1.714073e+00
7.193720e+03 1.786232e+00
7.310070e+03 1.861431e+00
7.428310e+03 1.939873e+00
7.548450e+03 2.021632e+00
7.670540e+03 2.106842e+00
7.794610e+03 2.195732e+00
7.920680e+03 2.288399e+00
8.048790e+03 2.384975e+00
8.178980e+03 2.485702e+00
8.311260e+03 2.590644e+00
8.445690e+03 2.700078e+00
8.582290e+03 2.814063e+00
8.721110e+03 2.933019e+00
8.862160e+03 3.056902e+00
9.005500e+03 3.186132e+00
9.151160e+03 3.320759e+00
9.299170e+03 3.461135e+00
9.449580e+03 3.607388e+00
9.602420e+03 3.759896e+00
9.757730e+03 3.918697e+00
9.915550e+03 4.084230e+00
1.007590e+04 4.259576e+00
1.023890e+04 4.442210e+00
1.040450e+04 4.632388e+00
1.057280e+04 4.830416e+00
1.074380e+04 5.036537e+00
1.091760e+04 5.251109e+00
1.109420e+04 5.474392e+00
1.121510e+04 5.630612e+00
1.121530e+04 2.195289e+00
1.127360e+04 2.227849e+00
1.145590e+04 2.331710e+00
1.164120e+04 2.440415e+00
1.182950e+04 2.554186e+00
1.202080e+04 2.673250e+00
1.221530e+04 2.797893e+00
1.241280e+04 2.928305e+00
1.261360e+04 3.064828e+00
1.281760e+04 3.207697e+00
1.282400e+04 3.212236e+00
1.282420e+04 2.292960e+00
1.302500e+04 2.386954e+00
1.323560e+04 2.488063e+00
1.341840e+04 2.577910e+00
1.341860e+04 2.273769e+00
1.344970e+04 2.286763e+00
1.366720e+04 2.378938e+00
1.388830e+04 2.475211e+00
1.411290e+04 2.575743e+00
1.434120e+04 2.680729e+00
1.457310e+04 2.790364e+00
1.480890e+04 2.904905e+00
1.504840e+04 3.024490e+00
1.529180e+04 3.149374e+00
1.553910e+04 3.279804e+00
1.579040e+04 3.416029e+00
1.604580e+04 3.558306e+00
1.630540e+04 3.706920e+00
1.656910e+04 3.862117e+00
1.683710e+04 4.024219e+00
1.710940e+04 4.193520e+00
1.738610e+04 4.370347e+00
1.766740e+04 4.555075e+00
1.795310e+04 4.747986e+00
1.824350e+04 4.949504e+00
1.853860e+04 5.159991e+00
1.883840e+04 5.379841e+00
1.914310e+04 5.609496e+00
1.945270e+04 5.849379e+00
1.976740e+04 6.099982e+00
2.008710e+04 6.361738e+00
2.041200e+04 6.635180e+00
2.074210e+04 6.920800e+00
2.107760e+04 7.219188e+00
2.141850e+04 7.530892e+00
2.176500e+04 7.856544e+00
2.211700e+04 8.196691e+00
2.247470e+04 8.552045e+00
2.283820e+04 8.923299e+00
2.320760e+04 9.311126e+00
2.358300e+04 9.716334e+00
2.396440e+04 1.013962e+01
2.435200e+04 1.058184e+01
2.474590e+04 1.104386e+01
2.514620e+04 1.152659e+01
2.555290e+04 1.203084e+01
2.596620e+04 1.255772e+01
2.638610e+04 1.310813e+01
2.681290e+04 1.368324e+01
2.724660e+04 1.428413e+01
2.768730e+04 1.491192e+01
2.813510e+04 1.556781e+01
2.859020e+04 1.625317e+01
2.905260e+04 1.696917e+01
2.952250e+04 1.771731e+01
3.000000e+04 1.849898e+01
