# material=Lu density=9.841
# Photon Energy [eV]  Attenuation Length [um]
1.000000e+01 2.522558e-02
1.016170e+01 2.620757e-02
1.032610e+01 2.722790e-02
1.049310e+01 2.828790e-02
1.066280e+01 2.938914e-02
1.083530e+01 3.053344e-02
1.101060e+01 3.172224e-02
1.118860e+01 3.293417e-02
1.136960e+01 3.372872e-02
1.155350e+01 3.454227e-02
1.174040e+01 3.537541e-02
1.193030e+01 3.627355e-02
1.212320e+01 3.743876e-02
1.231930e+01 3.864200e-02
1.251860e+01 3.988391e-02
1.272100e+01 4.130999e-02
1.292680e+01 4.278864e-02
1.313590e+01 4.432000e-02
1.334830e+01 4.590579e-02
1.356420e+01 4.754890e-02
1.378360e+01 4.924506e-02
1.400660e+01 5.095567e-02
1.423310e+01 5.272486e-02
1.446330e+01 5.455577e-02
1.469730e+01 5.645039e-02
1.493500e+01 5.838075e-02
1.517650e+01 6.019579e-02
1.542200e+01 6.206802e-02
1.567140e+01 6.399777e-02
1.592490e+01 6.598842e-02
1.618250e+01 6.835915e-02
1.644420e+01 7.124608e-02
1.671020e+01 7.425533e-02
1.698050e+01 7.739173e-02
1.725510e+01 8.066015e-02
1.753420e+01 8.404166e-02
1.781780e+01 8.728567e-02
1.810600e+01 9.065485e-02
1.839890e+01 9.415439e-02
1.869640e+01 9.778824e-02
1.899880e+01 1.015628e-01
1.930610e+01 1.053101e-01
1.961840e+01 1.091413e-01
1.993570e+01 1.131115e-01
2.025820e+01 1.172267e-01
2.058580e+01 1.214859e-01
2.091880e+01 1.256110e-01
2.125710e+01 1.298758e-01
2.160090e+01 1.342856e-01
2.195030e+01 1.388453e-01
2.230530e+01 1.436485e-01
2.266610e+01 1.486295e-01
2.303270e+01 1.535524e-01
2.340530e+01 1.568278e-01
2.378380e+01 1.601722e-01
2.416850e+01 1.635408e-01
2.455940e+01 1.667890e-01
2.495660e+01 1.701017e-01
2.536030e+01 1.734282e-01
2.577050e+01 1.763347e-01
2.618730e+01 1.792895e-01
2.661090e+01 1.811458e-01
2.704130e+01 1.781462e-01
2.747860e+01 1.734434e-01
2.792310e+01 1.671623e-01
2.837470e+01 1.523707e-01
2.883370e+01 1.288096e-01
2.930000e+01 5.551625e-02
2.977390e+01 3.741660e-02
3.025550e+01 2.085928e-02
3.074490e+01 1.607690e-02
3.124210e+01 1.356163e-02
3.174750e+01 1.249084e-02
3.226090e+01 1.198030e-02
3.278270e+01 1.177740e-02
3.331300e+01 1.162108e-02
3.385180e+01 1.157293e-02
3.439930e+01 1.152510e-02
3.495570e+01 1.139640e-02
3.552110e+01 1.126900e-02
3.609560e+01 1.126483e-02
3.667940e+01 1.146804e-02
3.727270e+01 1.166277e-02
3.787550e+01 1.186070e-02
3.848820e+01 1.225013e-02
3.911070e+01 1.284849e-02
3.974320e+01 1.326168e-02
4.038610e+01 1.366539e-02
4.103930e+01 1.408128e-02
4.170310e+01 1.450828e-02
4.237760e+01 1.494537e-02
4.306300e+01 1.539566e-02
4.375950e+01 1.592125e-02
4.446730e+01 1.650249e-02
4.518650e+01 1.710488e-02
4.591740e+01 1.767660e-02
4.666000e+01 1.820683e-02
4.741470e+01 1.875296e-02
4.818160e+01 1.919535e-02
4.896090e+01 1.953622e-02
4.975280e+01 1.988300e-02
5.055760e+01 2.031704e-02
5.137530e+01 2.087637e-02
5.220620e+01 2.145105e-02
5.305060e+01 2.204173e-02
5.390870e+01 2.259871e-02
5.478060e+01 2.312066e-02
5.566670e+01 2.365466e-02
5.656700e+01 2.420099e-02
5.748200e+01 2.475965e-02
5.841170e+01 2.533117e-02
5.935640e+01 2.591586e-02
6.031650e+01 2.649217e-02
6.129210e+01 2.705836e-02
6.228340e+01 2.763658e-02
6.329080e+01 2.822724e-02
6.431450e+01 2.890548e-02
6.535470e+01 2.959994e-02
6.641180e+01 3.031113e-02
6.748590e+01 3.077759e-02
6.857750e+01 3.121514e-02
6.968670e+01 3.165884e-02
7.081380e+01 3.210888e-02
7.195910e+01 3.257655e-02
7.312300e+01 3.308680e-02
7.430570e+01 3.360507e-02
7.550760e+01 3.413146e-02
7.672890e+01 3.466606e-02
7.796990e+01 3.536887e-02
7.923100e+01 3.619766e-02
8.051250e+01 3.704587e-02
8.181470e+01 3.791392e-02
8.313800e+01 3.880234e-02
8.448270e+01 3.915606e-02
8.584910e+01 3.901854e-02
8.723770e+01 3.888157e-02
8.864870e+01 3.896627e-02
9.008250e+01 3.928037e-02
9.153950e+01 3.959702e-02
9.302010e+01 3.991623e-02
9.452460e+01 4.029541e-02
9.605350e+01 4.083219e-02
9.760710e+01 4.137611e-02
9.918580e+01 4.192725e-02
1.007900e+02 4.242662e-02
1.024200e+02 4.274481e-02
1.040770e+02 4.306584e-02
1.057600e+02 4.338873e-02
1.074710e+02 4.371460e-02
1.092090e+02 4.384245e-02
1.109750e+02 4.392332e-02
1.127700e+02 4.400431e-02
1.145940e+02 4.408578e-02
1.164480e+02 4.411497e-02
1.183310e+02 4.411125e-02
1.202450e+02 4.410753e-02
1.221900e+02 4.410419e-02
1.241660e+02 4.410048e-02
1.261750e+02 4.408142e-02
1.282150e+02 4.402314e-02
1.302890e+02 4.396530e-02
1.323970e+02 4.390761e-02
1.345380e+02 4.384977e-02
1.367140e+02 4.379347e-02
1.389250e+02 4.373934e-02
1.411720e+02 4.368570e-02
1.434560e+02 4.363223e-02
1.457760e+02 4.357869e-02
1.481340e+02 4.369191e-02
1.505300e+02 4.385369e-02
1.529640e+02 4.401588e-02
1.554390e+02 4.417925e-02
1.579530e+02 4.434284e-02
1.605070e+02 4.454893e-02
1.631030e+02 4.478608e-02
1.657420e+02 4.502440e-02
1.684220e+02 4.526380e-02
1.711460e+02 4.550469e-02
1.739150e+02 4.574691e-02
1.767270e+02 4.596378e-02
1.795860e+02 4.616852e-02
1.824910e+02 4.637861e-02
1.854420e+02 4.660658e-02
1.884420e+02 4.683982e-02
1.914890e+02 4.703793e-02
1.945870e+02 4.702737e-02
1.977340e+02 4.695188e-02
2.009320e+02 4.682339e-02
2.041820e+02 4.669581e-02
2.074850e+02 4.656797e-02
2.108400e+02 4.643954e-02
2.142510e+02 4.687100e-02
2.177160e+02 4.742742e-02
2.212370e+02 4.808733e-02
2.248160e+02 4.875739e-02
2.284520e+02 4.943684e-02
2.321470e+02 5.012630e-02
2.359020e+02 5.082514e-02
2.397170e+02 5.153383e-02
2.435950e+02 5.225292e-02
2.475350e+02 5.298027e-02
2.515380e+02 5.371839e-02
2.556070e+02 5.446898e-02
2.597410e+02 5.522708e-02
2.639420e+02 5.599633e-02
2.682110e+02 5.677742e-02
2.725490e+02 5.756767e-02
2.769570e+02 5.830751e-02
2.814370e+02 5.897796e-02
2.859890e+02 5.960374e-02
2.906150e+02 6.022946e-02
2.953150e+02 6.086230e-02
3.000920e+02 6.149972e-02
3.049450e+02 6.214492e-02
3.098780e+02 6.279976e-02
3.148900e+02 6.345906e-02
3.199830e+02 6.412452e-02
3.251580e+02 6.479709e-02
3.304180e+02 6.547718e-02
3.357620e+02 6.616378e-02
3.411920e+02 6.685650e-02
3.467110e+02 6.755945e-02
3.523190e+02 6.826999e-02
3.580170e+02 6.898559e-02
3.638080e+02 6.970977e-02
3.696920e+02 7.044045e-02
3.756720e+02 7.117767e-02
3.817480e+02 7.192410e-02
3.879220e+02 7.272767e-02
3.941970e+02 7.365018e-02
4.005730e+02 7.494451e-02
4.070520e+02 7.640706e-02
4.136350e+02 7.789503e-02
4.203260e+02 7.941452e-02
4.271240e+02 8.096392e-02
4.340320e+02 8.254371e-02
4.410520e+02 8.415453e-02
4.481860e+02 8.575894e-02
4.554350e+02 8.719893e-02
4.628020e+02 8.852279e-02
4.702870e+02 8.978945e-02
4.778940e+02 9.107144e-02
4.856230e+02 9.237602e-02
4.934780e+02 9.370020e-02
5.014590e+02 9.503751e-02
5.095700e+02 9.639874e-02
5.178120e+02 9.784271e-02
5.261870e+02 9.953159e-02
5.346980e+02 1.016855e-01
5.433460e+02 1.041080e-01
5.521340e+02 1.065879e-01
5.610650e+02 1.091881e-01
5.701390e+02 1.118862e-01
5.793610e+02 1.146830e-01
5.887320e+02 1.175552e-01
5.982540e+02 1.205038e-01
6.079300e+02 1.235270e-01
6.177630e+02 1.266254e-01
6.277550e+02 1.298102e-01
6.379080e+02 1.331833e-01
6.482260e+02 1.368079e-01
6.587110e+02 1.406429e-01
6.693650e+02 1.445864e-01
6.801910e+02 1.484044e-01
6.911930e+02 1.521388e-01
7.023720e+02 1.559440e-01
7.137330e+02 1.601597e-01
7.252770e+02 1.647132e-01
7.370080e+02 1.693988e-01
7.489280e+02 1.742198e-01
7.610420e+02 1.791826e-01
7.733510e+02 1.843260e-01
7.858590e+02 1.897456e-01
7.985700e+02 1.954337e-01
8.114860e+02 2.012961e-01
8.246110e+02 2.073371e-01
8.379490e+02 2.135617e-01
8.515020e+02 2.199977e-01
8.652740e+02 2.266522e-01
8.792690e+02 2.335322e-01
8.934910e+02 2.406267e-01
9.079430e+02 2.479403e-01
9.226280e+02 2.554792e-01
9.375510e+02 2.633690e-01
9.527150e+02 2.715355e-01
9.681240e+02 2.799823e-01
9.837830e+02 2.886982e-01
9.996950e+02 2.977394e-01
1.015860e+03 3.071218e-01
1.032290e+03 3.173112e-01
1.048990e+03 3.279172e-01
1.065960e+03 3.389576e-01
1.083200e+03 3.503700e-01
1.100720e+03 3.621757e-01
1.118520e+03 3.743826e-01
1.136610e+03 3.870264e-01
1.155000e+03 4.001017e-01
1.173680e+03 4.136161e-01
1.192660e+03 4.276020e-01
1.211950e+03 4.420730e-01
1.231550e+03 4.570428e-01
1.251470e+03 4.725330e-01
1.271720e+03 4.885353e-01
1.292290e+03 5.050706e-01
1.313190e+03 5.221652e-01
1.334430e+03 5.398577e-01
1.356010e+03 5.581764e-01
1.377940e+03 5.771103e-01
1.400230e+03 5.967005e-01
1.422880e+03 6.169731e-01
1.445890e+03 6.379575e-01
1.469280e+03 6.598078e-01
1.493040e+03 6.826312e-01
1.517190e+03 7.071733e-01
1.541730e+03 7.327374e-01
1.566670e+03 7.592375e-01
1.588400e+03 7.827524e-01
1.588600e+03 2.412049e-01
1.592010e+03 2.425577e-01
1.617760e+03 2.529274e-01
1.643920e+03 2.061717e-01
1.670510e+03 1.812438e-01
1.697530e+03 1.886352e-01
1.724990e+03 1.963319e-01
1.752890e+03 2.043358e-01
1.781240e+03 2.126624e-01
1.810050e+03 2.213255e-01
1.839320e+03 2.303428e-01
1.869070e+03 2.397273e-01
1.899300e+03 2.494916e-01
1.930020e+03 2.596526e-01
1.961240e+03 2.702260e-01
1.992960e+03 2.812252e-01
2.023500e+03 2.920632e-01
2.023700e+03 2.862828e-01
2.025200e+03 2.868100e-01
2.057950e+03 2.984825e-01
2.091240e+03 3.106311e-01
2.125060e+03 3.232611e-01
2.159430e+03 3.364094e-01
2.194360e+03 3.500785e-01
2.229850e+03 3.643020e-01
2.263400e+03 3.780588e-01
2.263600e+03 3.058988e-01
2.265920e+03 3.066664e-01
2.302570e+03 3.189582e-01
2.339810e+03 3.317322e-01
2.377660e+03 3.450150e-01
2.416110e+03 3.588152e-01
2.455190e+03 3.731522e-01
2.491100e+03 3.866178e-01
2.491300e+03 3.871253e-01
2.494900e+03 3.871152e-01
2.535260e+03 3.869935e-01
2.576260e+03 4.017383e-01
2.617930e+03 4.170908e-01
2.660270e+03 4.330762e-01
2.703300e+03 4.497349e-01
2.747030e+03 4.670793e-01
2.791460e+03 4.851313e-01
2.836610e+03 5.039265e-01
2.882490e+03 5.234921e-01
2.929110e+03 5.438768e-01
2.976480e+03 5.650970e-01
3.024630e+03 5.871991e-01
3.073550e+03 6.101966e-01
3.123260e+03 6.341450e-01
3.173780e+03 6.591086e-01
3.225110e+03 6.850762e-01
3.277270e+03 7.121642e-01
3.330280e+03 7.403422e-01
3.384150e+03 7.696706e-01
3.438880e+03 8.002358e-01
3.494500e+03 8.320733e-01
3.551020e+03 8.652556e-01
3.608460e+03 8.997531e-01
3.666820e+03 9.357537e-01
3.726130e+03 9.731786e-01
3.786400e+03 1.012266e+00
3.847640e+03 1.052902e+00
3.909870e+03 1.095263e+00
3.973110e+03 1.139387e+00
4.037380e+03 1.185358e+00
4.102680e+03 1.233247e+00
4.169030e+03 1.283134e+00
4.236460e+03 1.335116e+00
4.304980e+03 1.389259e+00
4.374620e+03 1.445686e+00
4.445370e+03 1.504475e+00
4.517270e+03 1.565719e+00
4.590330e+03 1.629555e+00
4.664580e+03 1.696043e+00
4.740030e+03 1.765330e+00
4.816690e+03 1.837532e+00
4.894600e+03 1.912763e+00
4.973770e+03 1.991162e+00
5.054210e+03 2.072838e+00
5.135960e+03 2.157958e+00
5.219030e+03 2.246678e+00
5.303440e+03 2.339141e+00
5.389220e+03 2.435504e+00
5.476390e+03 2.535906e+00
5.564970e+03 2.640572e+00
5.654980e+03 2.749648e+00
5.746440e+03 2.863328e+00
5.839390e+03 2.981838e+00
5.933830e+03 3.105354e+00
6.029810e+03 3.234122e+00
6.127330e+03 3.368381e+00
6.226440e+03 3.508334e+00
6.327150e+03 3.654172e+00
6.429480e+03 3.806352e+00
6.533480e+03 3.964911e+00
6.639150e+03 4.130280e+00
6.746540e+03 4.302719e+00
6.855650e+03 4.482541e+00
6.966540e+03 4.669990e+00
7.079220e+03 4.865557e+00
7.193720e+03 5.069460e+00
7.310070e+03 5.282069e+00
7.428310e+03 5.504147e+00
7.548450e+03 5.735495e+00
7.670540e+03 5.976926e+00
7.794610e+03 6.228843e+00
7.920680e+03 6.491810e+00
8.048790e+03 6.766110e+00
8.178980e+03 7.052264e+00
8.311260e+03 7.350898e+00
8.445690e+03 7.662550e+00
8.582290e+03 7.987961e+00
8.721110e+03 8.327978e+00
8.862160e+03 8.682491e+00
9.005500e+03 9.053065e+00
9.151160e+03 9.439749e+00
9.244000e+03 9.691419e+00
9.244200e+03 3.554421e+00
9.299170e+03 3.615168e+00
9.449580e+03 3.784910e+00
9.602420e+03 3.962502e+00
9.757730e+03 4.148338e+00
9.915550e+03 4.342969e+00
1.007590e+04 4.546751e+00
1.023890e+04 4.760117e+00
1.034850e+04 4.907188e+00
1.034870e+04 3.491275e+00
1.040450e+04 3.545802e+00
1.057280e+04 3.713566e+00
1.074380e+04 3.889279e+00
1.087030e+04 4.022685e+00
1.087050e+04 3.579063e+00
1.091760e+04 3.615986e+00
1.109420e+04 3.756367e+00
1.127360e+04 3.903094e+00
1.145590e+04 4.056454e+00
1.164120e+04 4.216777e+00
1.182950e+04 4.384368e+00
1.202080e+04 4.559500e+00
1.221530e+04 4.742566e+00
1.241280e+04 4.933904e+00
1.261360e+04 5.133885e+00
1.281760e+04 5.342859e+00
1.302500e+04 5.561376e+00
1.323560e+04 5.789688e+00
1.344970e+04 6.028365e+00
1.366720e+04 6.277814e+00
1.388830e+04 6.538581e+00
1.411290e+04 6.811125e+00
1.434120e+04 7.096037e+00
1.457310e+04 7.393812e+00
1.480890e+04 7.705160e+00
1.504840e+04 8.030566e+00
1.529180e+04 8.370735e+00
1.553910e+04 8.726320e+00
1.579040e+04 9.098059e+00
1.604580e+04 9.486696e+00
1.630540e+04 9.893029e+00
1.656910e+04 1.031777e+01
1.683710e+04 1.076184e+01
1.710940e+04 1.122611e+01
1.738610e+04 1.171148e+01
1.766740e+04 1.221905e+01
1.795310e+04 1.274963e+01
1.824350e+04 1.330445e+01
1.853860e+04 1.388452e+01
1.883840e+04 1.449103e+01
1.914310e+04 1.512522e+01
1.945270e+04 1.578833e+01
1.976740e+04 1.648177e+01
2.008710e+04 1.720681e+01
2.041200e+04 1.796499e+01
2.074210e+04 1.875777e+01
2.107760e+04 1.958681e+01
2.141850e+04 2.045369e+01
2.176500e+04 2.136035e+01
2.211700e+04 2.230828e+01
2.247470e+04 2.329962e+01
2.283820e+04 2.433629e+01
2.320760e+04 2.542047e+01
2.358300e+04 2.655422e+01
2.396440e+04 2.773980e+01
2.435200e+04 2.897963e+01
2.474590e+04 3.027632e+01
2.514620e+04 3.163234e+01
2.555290e+04 3.305031e+01
2.596620e+04 3.453324e+01
2.638610e+04 3.608403e+01
2.681290e+04 3.770579e+01
2.724660e+04 3.940194e+01
2.768730e+04 4.117557e+01
2.813510e+04 4.303048e+01
2.859020e+04 4.497020e+01
2.905260e+04 4.699875e+01
2.952250e+04 4.911998e+01
3.000000e+04 5.133831e+01
