# material=Mg density=1.738
# Photon Energy [eV]  Attenuation Length [um]
5.000000e-01 1.138694e-02
5.079320e-01 1.133182e-02
5.159900e-01 1.127706e-02
5.241760e-01 1.122246e-02
5.324920e-01 1.116817e-02
5.409390e-01 1.111415e-02
5.495210e-01 1.106037e-02
5.582380e-01 1.100690e-02
5.670950e-01 1.095363e-02
5.760910e-01 1.090380e-02
5.852300e-01 1.087687e-02
5.945150e-01 1.084999e-02
6.039460e-01 1.082323e-02
6.135270e-01 1.079646e-02
6.232600e-01 1.076984e-02
6.331480e-01 1.074324e-02
6.431920e-01 1.071668e-02
6.533960e-01 1.069026e-02
6.637620e-01 1.066383e-02
6.742920e-01 1.063753e-02
6.849890e-01 1.061125e-02
6.958560e-01 1.058504e-02
7.068950e-01 1.055891e-02
7.181090e-01 1.053283e-02
7.295020e-01 1.050684e-02
7.410750e-01 1.048089e-02
7.528310e-01 1.045503e-02
7.647750e-01 1.042923e-02
7.769070e-01 1.040346e-02
7.892320e-01 1.037778e-02
8.017530e-01 1.035216e-02
8.144720e-01 1.032657e-02
8.273930e-01 1.030108e-02
8.405190e-01 1.027564e-02
8.538530e-01 1.025027e-02
8.673990e-01 1.022499e-02
8.811590e-01 1.019971e-02
8.951380e-01 1.017455e-02
9.093390e-01 1.014941e-02
9.237650e-01 1.012436e-02
9.384200e-01 1.009936e-02
9.533070e-01 1.007443e-02
9.684310e-01 1.004954e-02
9.837940e-01 1.002475e-02
9.994010e-01 9.999996e-03
1.015260e+00 9.993728e-03
1.031360e+00 9.988102e-03
1.047720e+00 9.982529e-03
1.064350e+00 9.977046e-03
1.081230e+00 9.971442e-03
1.098380e+00 9.965882e-03
1.115810e+00 9.960375e-03
1.133510e+00 9.954811e-03
1.151490e+00 9.949256e-03
1.169760e+00 9.943749e-03
1.188320e+00 9.938241e-03
1.207170e+00 9.932688e-03
1.226320e+00 9.927152e-03
1.245770e+00 9.921590e-03
1.265540e+00 9.916117e-03
1.285610e+00 9.910557e-03
1.306010e+00 9.905076e-03
1.326730e+00 9.899579e-03
1.347780e+00 9.894078e-03
1.369160e+00 9.888557e-03
1.390880e+00 9.883050e-03
1.412940e+00 9.877518e-03
1.435360e+00 9.872043e-03
1.458130e+00 9.866539e-03
1.481260e+00 9.861039e-03
1.504760e+00 9.855554e-03
1.528630e+00 9.850068e-03
1.552880e+00 9.844574e-03
1.577520e+00 9.839121e-03
1.602540e+00 9.833612e-03
1.627970e+00 9.828183e-03
1.653790e+00 9.822663e-03
1.680030e+00 9.817218e-03
1.706680e+00 9.811756e-03
1.733760e+00 9.806314e-03
1.761260e+00 9.800838e-03
1.789200e+00 9.795364e-03
1.817590e+00 9.789948e-03
1.846420e+00 9.784478e-03
1.875720e+00 9.779070e-03
1.905470e+00 9.773593e-03
1.935700e+00 9.768161e-03
1.966410e+00 9.762733e-03
1.997610e+00 9.757318e-03
2.029300e+00 9.751878e-03
2.061490e+00 9.746437e-03
2.094190e+00 9.742914e-03
2.127420e+00 9.752573e-03
2.161170e+00 9.762205e-03
2.195450e+00 9.771824e-03
2.230280e+00 9.781473e-03
2.265660e+00 9.791133e-03
2.301600e+00 9.800789e-03
2.338120e+00 9.810494e-03
2.375210e+00 9.820175e-03
2.412890e+00 9.829871e-03
2.451170e+00 9.839579e-03
2.490060e+00 9.849323e-03
2.529560e+00 9.859035e-03
2.569690e+00 9.868776e-03
2.610460e+00 9.878543e-03
2.651870e+00 9.888285e-03
2.693940e+00 9.898047e-03
2.736680e+00 9.907828e-03
2.780090e+00 9.917608e-03
2.824190e+00 9.927389e-03
2.869000e+00 9.937213e-03
2.914510e+00 9.947008e-03
2.960750e+00 9.956840e-03
3.007720e+00 9.966689e-03
3.055430e+00 9.976466e-03
3.103910e+00 9.986407e-03
3.153150e+00 9.996277e-03
3.203170e+00 1.000614e-02
3.253990e+00 1.001604e-02
3.305610e+00 1.002589e-02
3.358050e+00 1.003583e-02
3.411320e+00 1.004570e-02
3.465440e+00 1.005564e-02
3.520420e+00 1.006559e-02
3.576270e+00 1.007549e-02
3.633000e+00 1.008670e-02
3.690640e+00 1.012024e-02
3.749180e+00 1.015384e-02
3.808660e+00 1.018757e-02
3.869080e+00 1.022142e-02
3.930460e+00 1.025542e-02
3.992820e+00 1.028951e-02
4.056160e+00 1.032370e-02
4.120510e+00 1.035801e-02
4.185880e+00 1.039248e-02
4.252280e+00 1.042701e-02
4.319740e+00 1.046166e-02
4.388270e+00 1.049645e-02
4.457890e+00 1.053138e-02
4.528610e+00 1.056633e-02
4.600450e+00 1.060146e-02
4.673440e+00 1.063675e-02
4.747580e+00 1.067211e-02
4.822890e+00 1.070755e-02
4.899410e+00 1.074315e-02
4.977130e+00 1.077887e-02
5.056090e+00 1.081470e-02
5.136300e+00 1.085064e-02
5.217780e+00 1.088665e-02
5.300560e+00 1.093686e-02
5.384650e+00 1.099622e-02
5.470070e+00 1.105598e-02
5.556850e+00 1.111604e-02
5.645010e+00 1.117641e-02
5.734560e+00 1.123709e-02
5.825530e+00 1.129817e-02
5.917950e+00 1.135954e-02
6.011840e+00 1.142122e-02
6.107210e+00 1.148325e-02
6.204100e+00 1.154563e-02
6.302520e+00 1.160833e-02
6.402500e+00 1.167139e-02
6.504070e+00 1.172159e-02
6.607260e+00 1.176023e-02
6.712080e+00 1.179893e-02
6.818560e+00 1.184600e-02
6.926730e+00 1.193262e-02
7.036620e+00 1.201987e-02
7.148250e+00 1.210774e-02
7.261650e+00 1.219620e-02
7.376850e+00 1.233836e-02
7.493880e+00 1.256135e-02
7.612760e+00 1.278835e-02
7.733530e+00 1.301953e-02
7.856220e+00 1.325482e-02
7.980850e+00 1.349434e-02
8.107460e+00 1.373827e-02
8.236080e+00 1.398660e-02
8.366740e+00 1.434557e-02
8.499470e+00 1.473846e-02
8.634310e+00 1.514207e-02
8.771290e+00 1.555683e-02
8.910440e+00 1.598292e-02
9.051800e+00 1.642066e-02
9.195400e+00 1.713951e-02
9.341270e+00 1.803469e-02
9.489470e+00 1.910553e-02
9.640010e+00 2.062383e-02
9.780000e+00 2.212021e-02
9.880000e+00 2.332159e-02
1.003670e+01 2.614911e-02
1.010000e+01 2.737127e-02
1.020000e+01 2.985691e-02
1.030000e+01 3.469198e-02
1.030000e+01 3.623080e-02
1.046340e+01 4.267821e-02
1.050000e+01 4.679156e-02
1.050000e+01 4.947081e-02
1.066660e+01 5.792484e-02
1.070000e+01 6.217743e-02
1.070000e+01 6.468182e-02
1.086970e+01 7.694120e-02
1.090000e+01 7.933608e-02
1.100000e+01 8.557854e-02
1.117450e+01 1.002518e-01
1.135180e+01 1.075871e-01
1.153190e+01 1.203975e-01
1.171480e+01 1.311052e-01
1.180000e+01 1.345522e-01
1.190000e+01 1.419206e-01
1.200000e+01 1.543307e-01
1.219040e+01 1.618335e-01
1.238380e+01 1.697001e-01
1.258020e+01 1.829899e-01
1.277980e+01 1.943701e-01
1.298250e+01 2.010301e-01
1.318850e+01 2.079188e-01
1.339770e+01 2.194764e-01
1.361030e+01 2.317687e-01
1.382620e+01 2.408546e-01
1.404550e+01 2.502982e-01
1.426830e+01 2.569360e-01
1.449470e+01 2.626969e-01
1.472470e+01 2.685864e-01
1.495820e+01 2.746060e-01
1.519550e+01 2.807631e-01
1.543660e+01 2.866746e-01
1.568150e+01 2.905164e-01
1.593030e+01 2.944102e-01
1.618300e+01 2.983553e-01
1.643970e+01 3.023532e-01
1.670050e+01 3.048034e-01
1.696550e+01 3.067841e-01
1.723460e+01 3.087772e-01
1.750800e+01 3.107836e-01
1.778580e+01 3.128043e-01
1.806790e+01 3.148365e-01
1.835460e+01 3.168831e-01
1.864580e+01 3.189430e-01
1.894160e+01 3.210154e-01
1.924210e+01 3.251299e-01
1.954730e+01 3.297972e-01
1.985740e+01 3.345315e-01
2.017240e+01 3.393342e-01
2.049250e+01 3.442083e-01
2.081760e+01 3.491501e-01
2.114780e+01 3.541627e-01
2.148330e+01 3.592473e-01
2.182410e+01 3.644052e-01
2.217040e+01 3.703718e-01
2.252210e+01 3.793959e-01
2.287940e+01 3.886397e-01
2.324230e+01 3.981087e-01
2.361110e+01 4.078098e-01
2.398560e+01 4.177454e-01
2.436610e+01 4.279248e-01
2.475270e+01 4.396657e-01
2.514540e+01 4.538207e-01
2.554430e+01 4.684330e-01
2.594950e+01 4.835129e-01
2.636120e+01 4.990807e-01
2.677940e+01 5.151480e-01
2.720420e+01 5.317317e-01
2.763580e+01 5.488513e-01
2.807420e+01 5.653044e-01
2.851960e+01 5.760846e-01
2.897210e+01 5.870733e-01
2.943170e+01 5.982651e-01
2.989860e+01 6.096764e-01
3.037290e+01 6.212999e-01
3.085470e+01 6.331469e-01
3.134420e+01 6.452195e-01
3.184150e+01 6.575254e-01
3.234660e+01 6.700625e-01
3.285980e+01 6.828429e-01
3.338110e+01 6.958645e-01
3.391070e+01 7.091331e-01
3.444860e+01 7.221674e-01
3.499510e+01 7.322706e-01
3.555030e+01 7.425183e-01
3.611430e+01 7.529118e-01
3.668720e+01 7.634475e-01
3.726920e+01 7.741336e-01
3.786050e+01 7.849635e-01
3.846110e+01 7.959509e-01
3.907120e+01 8.070892e-01
3.969110e+01 8.313455e-01
4.032080e+01 8.576155e-01
4.096040e+01 8.847189e-01
4.161020e+01 9.126762e-01
4.227030e+01 9.415219e-01
4.294090e+01 9.698295e-01
4.362210e+01 9.987008e-01
4.431420e+01 1.028440e+00
4.501720e+01 1.059066e+00
4.573130e+01 1.087755e+00
4.645680e+01 1.114279e+00
4.719380e+01 1.141446e+00
4.794250e+01 1.169273e+00
4.812500e+01 1.176098e+00
4.862500e+01 1.192421e+00
4.912500e+01 1.143370e+00
4.925000e+01 1.117608e+00
4.937500e+01 1.039281e+00
4.940000e+01 1.024308e+00
4.960000e+01 2.181891e-01
4.962500e+01 1.592869e-01
4.975000e+01 1.164900e-01
4.987500e+01 1.098196e-01
5.000000e+01 1.086174e-01
5.010000e+01 8.223907e-02
5.030000e+01 8.367460e-02
5.070000e+01 9.470693e-02
5.090000e+01 9.774802e-02
5.110000e+01 9.823201e-02
5.150000e+01 8.986976e-02
5.170000e+01 8.754473e-02
5.250000e+01 8.758510e-02
5.333290e+01 8.617568e-02
5.350000e+01 8.589815e-02
5.410000e+01 8.401649e-02
5.495830e+01 7.552798e-02
5.583010e+01 7.111881e-02
5.671580e+01 6.901489e-02
5.761560e+01 6.697333e-02
5.852960e+01 6.458421e-02
5.945810e+01 6.183644e-02
6.040140e+01 5.920579e-02
6.135960e+01 5.591509e-02
6.233300e+01 5.247810e-02
6.332190e+01 4.925241e-02
6.432650e+01 4.622500e-02
6.534700e+01 4.338372e-02
6.638360e+01 4.061184e-02
6.743680e+01 3.790415e-02
6.850660e+01 3.537689e-02
6.959340e+01 3.353716e-02
7.069750e+01 3.239990e-02
7.181900e+01 3.215642e-02
7.295840e+01 3.322009e-02
7.411580e+01 3.562121e-02
7.529160e+01 3.844216e-02
7.648600e+01 4.097910e-02
7.769940e+01 4.172034e-02
7.893210e+01 4.146559e-02
8.018430e+01 4.089144e-02
8.145630e+01 4.032516e-02
8.274860e+01 3.976682e-02
8.406130e+01 3.921612e-02
8.539490e+01 3.867317e-02
8.674960e+01 3.813765e-02
8.812580e+01 3.760949e-02
8.840000e+01 3.750621e-02
8.940000e+01 3.673980e-02
9.081830e+01 3.707577e-02
9.225900e+01 3.741472e-02
9.372270e+01 3.775683e-02
9.520950e+01 3.810209e-02
9.671990e+01 3.874583e-02
9.825430e+01 3.998375e-02
9.940000e+01 4.092075e-02
9.990000e+01 4.054581e-02
1.014850e+02 4.203576e-02
1.030950e+02 4.358035e-02
1.047300e+02 4.518149e-02
1.063920e+02 4.684192e-02
1.080800e+02 4.856330e-02
1.097940e+02 5.029513e-02
1.115000e+02 5.114177e-02
1.120000e+02 5.342110e-02
1.137770e+02 5.389430e-02
1.155820e+02 5.437165e-02
1.174150e+02 5.437730e-02
1.192780e+02 5.400008e-02
1.211700e+02 5.362519e-02
1.230930e+02 5.325340e-02
1.250450e+02 5.305673e-02
1.270290e+02 5.408735e-02
1.290440e+02 5.513781e-02
1.310920e+02 5.684623e-02
1.320000e+02 5.771920e-02
1.324000e+02 5.940580e-02
1.345000e+02 6.072328e-02
1.366340e+02 6.207032e-02
1.388020e+02 6.443066e-02
1.410040e+02 6.675057e-02
1.432410e+02 6.779767e-02
1.455130e+02 6.886107e-02
1.478220e+02 6.994161e-02
1.501670e+02 7.103880e-02
1.525490e+02 7.215311e-02
1.549690e+02 7.316590e-02
1.574270e+02 7.417876e-02
1.599250e+02 7.520609e-02
1.624620e+02 7.624744e-02
1.650390e+02 7.772582e-02
1.676580e+02 8.056461e-02
1.703170e+02 8.350646e-02
1.730190e+02 8.655597e-02
1.757640e+02 8.971707e-02
1.785520e+02 9.297508e-02
1.813850e+02 9.602667e-02
1.842630e+02 9.917843e-02
1.871860e+02 1.024331e-01
1.880000e+02 1.033493e-01
1.890000e+02 1.062895e-01
1.919980e+02 1.091247e-01
1.950440e+02 1.120357e-01
1.981380e+02 1.150243e-01
2.012820e+02 1.180932e-01
2.044750e+02 1.212431e-01
2.077190e+02 1.244776e-01
2.110140e+02 1.277980e-01
2.143620e+02 1.316252e-01
2.177620e+02 1.362013e-01
2.212170e+02 1.409373e-01
2.247270e+02 1.458377e-01
2.282920e+02 1.509083e-01
2.319130e+02 1.561549e-01
2.355920e+02 1.615844e-01
2.393300e+02 1.672028e-01
2.431270e+02 1.730162e-01
2.469840e+02 1.790323e-01
2.509020e+02 1.852569e-01
2.548820e+02 1.916979e-01
2.589260e+02 1.983636e-01
2.630340e+02 2.052607e-01
2.672060e+02 2.123965e-01
2.714450e+02 2.197817e-01
2.757520e+02 2.274235e-01
2.801260e+02 2.353305e-01
2.845700e+02 2.436487e-01
2.890850e+02 2.532243e-01
2.936710e+02 2.631765e-01
2.983300e+02 2.735194e-01
3.030630e+02 2.842692e-01
3.078700e+02 2.954399e-01
3.127550e+02 3.070523e-01
3.177160e+02 3.191188e-01
3.227570e+02 3.316610e-01
3.278770e+02 3.446953e-01
3.330780e+02 3.582411e-01
3.383620e+02 3.723206e-01
3.437300e+02 3.869525e-01
3.491830e+02 4.021600e-01
3.547230e+02 4.179659e-01
3.603500e+02 4.343915e-01
3.660670e+02 4.514643e-01
3.718740e+02 4.692058e-01
3.777740e+02 4.876475e-01
3.837670e+02 5.068111e-01
3.898550e+02 5.267297e-01
3.960400e+02 5.474293e-01
4.023230e+02 5.689448e-01
4.087050e+02 5.913030e-01
4.151890e+02 6.145424e-01
4.217760e+02 6.386947e-01
4.284670e+02 6.637960e-01
4.352640e+02 6.898823e-01
4.421690e+02 7.178489e-01
4.491840e+02 7.480051e-01
4.563100e+02 7.794311e-01
4.635490e+02 8.121759e-01
4.709030e+02 8.462944e-01
4.783730e+02 8.818468e-01
4.859620e+02 9.188908e-01
4.936720e+02 9.574948e-01
5.015030e+02 9.977218e-01
5.094590e+02 1.039634e+00
5.175420e+02 1.083309e+00
5.257520e+02 1.128819e+00
5.340930e+02 1.176244e+00
5.425660e+02 1.226122e+00
5.511730e+02 1.285026e+00
5.599170e+02 1.346046e+00
5.688000e+02 1.403577e+00
5.778230e+02 1.463562e+00
5.869900e+02 1.526119e+00
5.963020e+02 1.591339e+00
6.057620e+02 1.659358e+00
6.153720e+02 1.730266e+00
6.251340e+02 1.804227e+00
6.350520e+02 1.881328e+00
6.451260e+02 1.961746e+00
6.553610e+02 2.045674e+00
6.657580e+02 2.133332e+00
6.763190e+02 2.224749e+00
6.870490e+02 2.320089e+00
6.979480e+02 2.419511e+00
7.090210e+02 2.524062e+00
7.202690e+02 2.642137e+00
7.316950e+02 2.765742e+00
7.433030e+02 2.895127e+00
7.550950e+02 3.030564e+00
7.670740e+02 3.175213e+00
7.792430e+02 3.329714e+00
7.916050e+02 3.491738e+00
8.041630e+02 3.633541e+00
8.169210e+02 3.777439e+00
8.298810e+02 3.927036e+00
8.430460e+02 4.082554e+00
8.564200e+02 4.278134e+00
8.700070e+02 4.522198e+00
8.838090e+02 4.780173e+00
8.978300e+02 5.052878e+00
9.120730e+02 5.321986e+00
9.265430e+02 5.601775e+00
9.412420e+02 5.896276e+00
9.561740e+02 6.206254e+00
9.713430e+02 6.532532e+00
9.867520e+02 6.875968e+00
1.002410e+03 7.245570e+00
1.018310e+03 7.682523e+00
1.034460e+03 8.145826e+00
1.050870e+03 8.637080e+00
1.067550e+03 9.158056e+00
1.084480e+03 9.710309e+00
1.101690e+03 1.030251e+01
1.119160e+03 1.099517e+01
1.136920e+03 1.173448e+01
1.154950e+03 1.252340e+01
1.173280e+03 1.336552e+01
1.191890e+03 1.426415e+01
1.210800e+03 1.518717e+01
1.230010e+03 1.614096e+01
1.249520e+03 1.715464e+01
1.269340e+03 1.823191e+01
1.289480e+03 1.937700e+01
1.302500e+03 2.014516e+01
1.302900e+03 2.016909e+01
1.303100e+03 9.695570e-01
1.304000e+03 9.712095e-01
1.324690e+03 1.009661e+00
1.345700e+03 1.049760e+00
1.367050e+03 1.091462e+00
1.388740e+03 1.134816e+00
1.410770e+03 1.179901e+00
1.433150e+03 1.226778e+00
1.455890e+03 1.275517e+00
1.478980e+03 1.326137e+00
1.502450e+03 1.378742e+00
1.526280e+03 1.433350e+00
1.550490e+03 1.490132e+00
1.575090e+03 1.549167e+00
1.600080e+03 1.610533e+00
1.625460e+03 1.674320e+00
1.651250e+03 1.740631e+00
1.677450e+03 1.809582e+00
1.704060e+03 1.881255e+00
1.731090e+03 1.955856e+00
1.758550e+03 2.036177e+00
1.786450e+03 2.120274e+00
1.814790e+03 2.208304e+00
1.843580e+03 2.300014e+00
1.872830e+03 2.395526e+00
1.902540e+03 2.495007e+00
1.932720e+03 2.598582e+00
1.963380e+03 2.706490e+00
1.994530e+03 2.818932e+00
2.000000e+03 2.838966e+00
2.026000e+03 2.933485e+00
2.052000e+03 3.033568e+00
2.079000e+03 3.140014e+00
2.106000e+03 3.249072e+00
2.134000e+03 3.364795e+00
2.161000e+03 3.479140e+00
2.190000e+03 3.604924e+00
2.218000e+03 3.729223e+00
2.247000e+03 3.861121e+00
2.277000e+03 4.001008e+00
2.306000e+03 4.139469e+00
2.337000e+03 4.291052e+00
2.367000e+03 4.441447e+00
2.398000e+03 4.600557e+00
2.429000e+03 4.763173e+00
2.461000e+03 4.935633e+00
2.493000e+03 5.112359e+00
2.526000e+03 5.298820e+00
2.559000e+03 5.489921e+00
2.592000e+03 5.685806e+00
2.626000e+03 5.892196e+00
2.660000e+03 6.103949e+00
2.695000e+03 6.327261e+00
2.730000e+03 6.556118e+00
2.766000e+03 6.797298e+00
2.802000e+03 7.044489e+00
2.839000e+03 7.304843e+00
2.876000e+03 7.571635e+00
2.914000e+03 7.852515e+00
2.952000e+03 8.140399e+00
2.990000e+03 8.435292e+00
3.029000e+03 8.745471e+00
3.069000e+03 9.071550e+00
3.109000e+03 9.405792e+00
3.150000e+03 9.756950e+00
3.191000e+03 1.011704e+01
3.232000e+03 1.048582e+01
3.275000e+03 1.088243e+01
3.317000e+03 1.127951e+01
3.361000e+03 1.170567e+01
3.405000e+03 1.214296e+01
3.449000e+03 1.259099e+01
3.494000e+03 1.306060e+01
3.540000e+03 1.355284e+01
3.586000e+03 1.405749e+01
3.633000e+03 1.458639e+01
3.680000e+03 1.512833e+01
3.729000e+03 1.570738e+01
3.777000e+03 1.628951e+01
3.827000e+03 1.691098e+01
3.877000e+03 1.754797e+01
3.927000e+03 1.820136e+01
3.979000e+03 1.889787e+01
4.031000e+03 1.961227e+01
4.083000e+03 2.034533e+01
4.137000e+03 2.112520e+01
4.191000e+03 2.192542e+01
4.245000e+03 2.274541e+01
4.301000e+03 2.361745e+01
4.357000e+03 2.451199e+01
4.414000e+03 2.544648e+01
4.472000e+03 2.642104e+01
4.530000e+03 2.742089e+01
4.589000e+03 2.846273e+01
4.649000e+03 2.955034e+01
4.710000e+03 3.068508e+01
4.771000e+03 3.184684e+01
4.834000e+03 3.307910e+01
4.897000e+03 3.434281e+01
4.961000e+03 3.566045e+01
5.026000e+03 3.703306e+01
5.091000e+03 3.843840e+01
5.158000e+03 3.992675e+01
5.225000e+03 4.145441e+01
5.294000e+03 4.306481e+01
5.363000e+03 4.472178e+01
5.433000e+03 4.644374e+01
5.504000e+03 4.823484e+01
5.576000e+03 5.009978e+01
5.649000e+03 5.203447e+01
5.722000e+03 5.402815e+01
5.797000e+03 5.612035e+01
5.873000e+03 5.830175e+01
5.950000e+03 6.056781e+01
6.027000e+03 6.289239e+01
6.106000e+03 6.533921e+01
6.186000e+03 6.788249e+01
6.267000e+03 7.052442e+01
6.349000e+03 7.326902e+01
6.432000e+03 7.611999e+01
6.516000e+03 7.907975e+01
6.601000e+03 8.215477e+01
6.687000e+03 8.534646e+01
6.774000e+03 8.865917e+01
6.863000e+03 9.213617e+01
6.952000e+03 9.570564e+01
7.043000e+03 9.945126e+01
7.135000e+03 1.033383e+02
7.229000e+03 1.074125e+02
7.323000e+03 1.115963e+02
7.419000e+03 1.159785e+02
7.516000e+03 1.205264e+02
7.614000e+03 1.252410e+02
7.713000e+03 1.301305e+02
7.814000e+03 1.352477e+02
7.916000e+03 1.405540e+02
8.019000e+03 1.460560e+02
8.124000e+03 1.518099e+02
8.230000e+03 1.577758e+02
8.338000e+03 1.640140e+02
8.447000e+03 1.704779e+02
8.557000e+03 1.771706e+02
8.669000e+03 1.841699e+02
8.782000e+03 1.914175e+02
8.897000e+03 1.989919e+02
9.013000e+03 2.068401e+02
9.131000e+03 2.150257e+02
9.250000e+03 2.235124e+02
9.371000e+03 2.323682e+02
9.494000e+03 2.416107e+02
9.618000e+03 2.511772e+02
9.743000e+03 2.610807e+02
9.897570e+03 2.736904e+02
1.005460e+04 2.869160e+02
1.021410e+04 3.007914e+02
1.037610e+04 3.153480e+02
1.054070e+04 3.306185e+02
1.070800e+04 3.466430e+02
1.087780e+04 3.634536e+02
1.105040e+04 3.810937e+02
1.122570e+04 3.996021e+02
1.140380e+04 4.190242e+02
1.158470e+04 4.394037e+02
1.176850e+04 4.607911e+02
1.195520e+04 4.832355e+02
1.214490e+04 5.067917e+02
1.233750e+04 5.315101e+02
1.253320e+04 5.574552e+02
1.273210e+04 5.846917e+02
1.293410e+04 6.132782e+02
1.313930e+04 6.432843e+02
1.334770e+04 6.747808e+02
1.355940e+04 7.078446e+02
1.377460e+04 7.425628e+02
1.399310e+04 7.790057e+02
1.421510e+04 8.172715e+02
1.444060e+04 8.574461e+02
1.466970e+04 8.996320e+02
1.490240e+04 9.439271e+02
1.513880e+04 9.904433e+02
1.537900e+04 1.039298e+03
1.562300e+04 1.090603e+03
1.587080e+04 1.144484e+03
1.612260e+04 1.201079e+03
1.637840e+04 1.260528e+03
1.663820e+04 1.322973e+03
1.690210e+04 1.388566e+03
1.717030e+04 1.457489e+03
1.744270e+04 1.529891e+03
1.771940e+04 1.605964e+03
1.800050e+04 1.685897e+03
1.828610e+04 1.769893e+03
1.857610e+04 1.858152e+03
1.887080e+04 1.950921e+03
1.917020e+04 2.048421e+03
1.947430e+04 2.150896e+03
1.978330e+04 2.258618e+03
2.009710e+04 2.371608e+03
2.041600e+04 2.490596e+03
2.073980e+04 2.615598e+03
2.106890e+04 2.746972e+03
2.140310e+04 2.884998e+03
2.174270e+04 3.030065e+03
2.208760e+04 3.182494e+03
2.243800e+04 3.342691e+03
2.279390e+04 3.511047e+03
2.315560e+04 3.688009e+03
2.352290e+04 3.873986e+03
2.389610e+04 4.069477e+03
2.427520e+04 4.274941e+03
2.466030e+04 4.490923e+03
2.505150e+04 4.717960e+03
2.544890e+04 4.956619e+03
2.585260e+04 5.207531e+03
2.626280e+04 5.471327e+03
2.667940e+04 5.748646e+03
2.710270e+04 6.040253e+03
2.753260e+04 6.346791e+03
2.796940e+04 6.669163e+03
2.841310e+04 7.008124e+03
2.886390e+04 7.364627e+03
2.932180e+04 7.739467e+03
2.978700e+04 8.133711e+03
3.000000e+04 8.318874e+03
