# material=Mo density=10.28
# Photon Energy [eV]  Attenuation Length [um]
1.000000e+01 9.908974e-03
1.014470e+01 1.020538e-02
1.030880e+01 1.052204e-02
1.047560e+01 1.083591e-02
1.064500e+01 1.115905e-02
1.081720e+01 1.146195e-02
1.099210e+01 1.149623e-02
1.116990e+01 1.122413e-02
1.135060e+01 1.082035e-02
1.153420e+01 1.023025e-02
1.172070e+01 9.610926e-03
1.191030e+01 9.089557e-03
1.210290e+01 8.638105e-03
1.229870e+01 8.260389e-03
1.249760e+01 7.965099e-03
1.269970e+01 7.697553e-03
1.290520e+01 7.469660e-03
1.311390e+01 7.277074e-03
1.320000e+01 7.199956e-03
1.340000e+01 7.162849e-03
1.361670e+01 7.047539e-03
1.380000e+01 6.952924e-03
1.400000e+01 6.923228e-03
1.420000e+01 6.826064e-03
1.440000e+01 6.816493e-03
1.460000e+01 6.773774e-03
1.483610e+01 6.677618e-03
1.507610e+01 6.570232e-03
1.532000e+01 6.437715e-03
1.540000e+01 6.395225e-03
1.560000e+01 6.211462e-03
1.580000e+01 6.075668e-03
1.605560e+01 5.833057e-03
1.631520e+01 5.600086e-03
1.657910e+01 5.376462e-03
1.684730e+01 5.222268e-03
1.711980e+01 5.077529e-03
1.739670e+01 4.936799e-03
1.740000e+01 4.935128e-03
1.760000e+01 4.878206e-03
1.788470e+01 4.863293e-03
1.817390e+01 4.848390e-03
1.840000e+01 4.836969e-03
1.860000e+01 4.873313e-03
1.890080e+01 5.006275e-03
1.900000e+01 5.050434e-03
1.920000e+01 5.119550e-03
1.951050e+01 5.271527e-03
1.982610e+01 5.428044e-03
2.014680e+01 5.589204e-03
2.047260e+01 5.755127e-03
2.080380e+01 5.926020e-03
2.114030e+01 6.101953e-03
2.148220e+01 6.275576e-03
2.180000e+01 6.416317e-03
2.200000e+01 6.493417e-03
2.235580e+01 6.698173e-03
2.271740e+01 6.931125e-03
2.300000e+01 7.152313e-03
2.320000e+01 7.335703e-03
2.357520e+01 7.774098e-03
2.380000e+01 8.045610e-03
2.400000e+01 8.306687e-03
2.438820e+01 8.953098e-03
2.440000e+01 8.973382e-03
2.460000e+01 9.272780e-03
2.499790e+01 9.959528e-03
2.500000e+01 9.963264e-03
2.540000e+01 1.050107e-02
2.581080e+01 1.121338e-02
2.622830e+01 1.197403e-02
2.665250e+01 1.278623e-02
2.708360e+01 1.365355e-02
2.752170e+01 1.467946e-02
2.796680e+01 1.590165e-02
2.841910e+01 1.722564e-02
2.887880e+01 1.865988e-02
2.934590e+01 2.021353e-02
2.982050e+01 2.189652e-02
3.030280e+01 2.371958e-02
3.079300e+01 2.481470e-02
3.129100e+01 2.579871e-02
3.179710e+01 2.682181e-02
3.231140e+01 2.707758e-02
3.283400e+01 2.689024e-02
3.336510e+01 2.670415e-02
3.390480e+01 2.608509e-02
3.445310e+01 2.525316e-02
3.501040e+01 2.444789e-02
3.557660e+01 2.366821e-02
3.615210e+01 2.275830e-02
3.673680e+01 2.111112e-02
3.733100e+01 1.958321e-02
3.793480e+01 1.816582e-02
3.854840e+01 1.685106e-02
3.917180e+01 1.489344e-02
3.980540e+01 1.242536e-02
4.044920e+01 1.046270e-02
4.110350e+01 9.539592e-03
4.176830e+01 8.697944e-03
4.244390e+01 8.157265e-03
4.313040e+01 7.657728e-03
4.382790e+01 7.559234e-03
4.453680e+01 7.539953e-03
4.525720e+01 7.520689e-03
4.598920e+01 7.501476e-03
4.673300e+01 7.556058e-03
4.748890e+01 7.633809e-03
4.825700e+01 7.712338e-03
4.903750e+01 7.791709e-03
4.983060e+01 7.845054e-03
5.063660e+01 7.887513e-03
5.145560e+01 7.930259e-03
5.228790e+01 7.973206e-03
5.313360e+01 8.239254e-03
5.399300e+01 8.553243e-03
5.486630e+01 8.886904e-03
5.575370e+01 9.329624e-03
5.665550e+01 9.794378e-03
5.757180e+01 1.028228e-02
5.850300e+01 1.108904e-02
5.944920e+01 1.212775e-02
6.041080e+01 1.326384e-02
6.050000e+01 1.337358e-02
6.075000e+01 1.285350e-02
6.100000e+01 1.335526e-02
6.125000e+01 1.466232e-02
6.150000e+01 1.436058e-02
6.175000e+01 1.419316e-02
6.200000e+01 1.530917e-02
6.225000e+01 1.543330e-02
6.250000e+01 1.517589e-02
6.275000e+01 1.525443e-02
6.300000e+01 1.648891e-02
6.325000e+01 1.677903e-02
6.350000e+01 1.676196e-02
6.375000e+01 1.725559e-02
6.400000e+01 1.724823e-02
6.425000e+01 1.913134e-02
6.450000e+01 1.678512e-02
6.475000e+01 1.879133e-02
6.500000e+01 1.973690e-02
6.525000e+01 2.003530e-02
6.550000e+01 2.047904e-02
6.575000e+01 2.011153e-02
6.599900e+01 2.097498e-02
6.625000e+01 2.130154e-02
6.675000e+01 2.222535e-02
6.750000e+01 2.465936e-02
6.775000e+01 2.500037e-02
6.800000e+01 2.612503e-02
6.850000e+01 2.765123e-02
6.875000e+01 2.884168e-02
6.900000e+01 2.973299e-02
6.925000e+01 3.020475e-02
6.950000e+01 3.150695e-02
6.975000e+01 3.192576e-02
7.000000e+01 3.280767e-02
7.025000e+01 3.295102e-02
7.050000e+01 3.399792e-02
7.075000e+01 3.552640e-02
7.100000e+01 3.618054e-02
7.125000e+01 3.788716e-02
7.150000e+01 3.848982e-02
7.175000e+01 3.844263e-02
7.200000e+01 3.946096e-02
7.225000e+01 4.026636e-02
7.250000e+01 4.158324e-02
7.275000e+01 4.187858e-02
7.325000e+01 4.415411e-02
7.350000e+01 4.460962e-02
7.375000e+01 4.557313e-02
7.400000e+01 4.686200e-02
7.425000e+01 4.763304e-02
7.450000e+01 4.795001e-02
7.500000e+01 5.065952e-02
7.600000e+01 5.555183e-02
7.700000e+01 6.158763e-02
7.725000e+01 6.334843e-02
7.750000e+01 6.480447e-02
7.850000e+01 7.197818e-02
7.875000e+01 7.363457e-02
7.950000e+01 7.970436e-02
8.000000e+01 8.354497e-02
8.100000e+01 9.166162e-02
8.175000e+01 9.744771e-02
8.200000e+01 9.986260e-02
8.225000e+01 1.014523e-01
8.275000e+01 1.055064e-01
8.408840e+01 1.152731e-01
8.425000e+01 1.165014e-01
8.500000e+01 1.213862e-01
8.525000e+01 1.258049e-01
8.600000e+01 1.302911e-01
8.650000e+01 1.340016e-01
8.675000e+01 1.345985e-01
8.700000e+01 1.366053e-01
8.725000e+01 1.375246e-01
8.750000e+01 1.399608e-01
8.891520e+01 1.480480e-01
8.925000e+01 1.500087e-01
9.000100e+01 1.556666e-01
9.100100e+01 1.615513e-01
9.125000e+01 1.625737e-01
9.150000e+01 1.643207e-01
9.175000e+01 1.652594e-01
9.225000e+01 1.691353e-01
9.250000e+01 1.702213e-01
9.275000e+01 1.722290e-01
9.325000e+01 1.750525e-01
9.375000e+01 1.771216e-01
9.400000e+01 1.789030e-01
9.425000e+01 1.798387e-01
9.500000e+01 1.842822e-01
9.550000e+01 1.855540e-01
9.600000e+01 1.881241e-01
9.700000e+01 1.911036e-01
9.725000e+01 1.911970e-01
9.775000e+01 1.930408e-01
9.933100e+01 1.952382e-01
9.950000e+01 1.954733e-01
1.000000e+02 1.972769e-01
1.010000e+02 1.946916e-01
1.015000e+02 1.974055e-01
1.020000e+02 1.978990e-01
1.025000e+02 1.943599e-01
1.030000e+02 1.962577e-01
1.035000e+02 1.932669e-01
1.040000e+02 1.955158e-01
1.045000e+02 1.955953e-01
1.050000e+02 1.944617e-01
1.055000e+02 1.946984e-01
1.060000e+02 1.939299e-01
1.065000e+02 1.923425e-01
1.070000e+02 1.937710e-01
1.075000e+02 1.930059e-01
1.080000e+02 1.944498e-01
1.085000e+02 1.919055e-01
1.090000e+02 1.913630e-01
1.095000e+02 1.925441e-01
1.112710e+02 1.924599e-01
1.115000e+02 1.924492e-01
1.120000e+02 1.934327e-01
1.125000e+02 1.924113e-01
1.135000e+02 1.921523e-01
1.140000e+02 1.901323e-01
1.145000e+02 1.906465e-01
1.155000e+02 1.872589e-01
1.160000e+02 1.875691e-01
1.165000e+02 1.869532e-01
1.170000e+02 1.872367e-01
1.180000e+02 1.843840e-01
1.185000e+02 1.851196e-01
1.190000e+02 1.837637e-01
1.195000e+02 1.833993e-01
1.200000e+02 1.820714e-01
1.215000e+02 1.834337e-01
1.220000e+02 1.859698e-01
1.230000e+02 1.867982e-01
1.240000e+02 1.866262e-01
1.250000e+02 1.854196e-01
1.260000e+02 1.857995e-01
1.280000e+02 1.803329e-01
1.290000e+02 1.851454e-01
1.300000e+02 1.846603e-01
1.310000e+02 1.819074e-01
1.320000e+02 1.829272e-01
1.340000e+02 1.828989e-01
1.350000e+02 1.844886e-01
1.360000e+02 1.820909e-01
1.380000e+02 1.826799e-01
1.390000e+02 1.800394e-01
1.400000e+02 1.802462e-01
1.410000e+02 1.833409e-01
1.420000e+02 1.786368e-01
1.430000e+02 1.793414e-01
1.440000e+02 1.772823e-01
1.460000e+02 1.780936e-01
1.470000e+02 1.758338e-01
1.480000e+02 1.747631e-01
1.490000e+02 1.749639e-01
1.510000e+02 1.728536e-01
1.520000e+02 1.731484e-01
1.530000e+02 1.724575e-01
1.540000e+02 1.732844e-01
1.560000e+02 1.727055e-01
1.585230e+02 1.742591e-01
1.600000e+02 1.751630e-01
1.610000e+02 1.763056e-01
1.620000e+02 1.759680e-01
1.630000e+02 1.775385e-01
1.656360e+02 1.782319e-01
1.670000e+02 1.785879e-01
1.680000e+02 1.804797e-01
1.690000e+02 1.781590e-01
1.700000e+02 1.798527e-01
1.720000e+02 1.798826e-01
1.730000e+02 1.814932e-01
1.750000e+02 1.820543e-01
1.760000e+02 1.841423e-01
1.788470e+02 1.831263e-01
1.790000e+02 1.830717e-01
1.810000e+02 1.861153e-01
1.820000e+02 1.850213e-01
1.830000e+02 1.854700e-01
1.840000e+02 1.844780e-01
1.850000e+02 1.867333e-01
1.860000e+02 1.880182e-01
1.870000e+02 1.873994e-01
1.880000e+02 1.819310e-01
1.900000e+02 1.813447e-01
1.910000e+02 1.816082e-01
1.920000e+02 1.828476e-01
1.930000e+02 1.829718e-01
1.950000e+02 1.853845e-01
1.970000e+02 1.854874e-01
2.000000e+02 1.871899e-01
2.010000e+02 1.857886e-01
2.030000e+02 1.889936e-01
2.040000e+02 1.884226e-01
2.050000e+02 1.900054e-01
2.060000e+02 1.898422e-01
2.093320e+02 1.916680e-01
2.120000e+02 1.931214e-01
2.150000e+02 1.933134e-01
2.160000e+02 1.947843e-01
2.180000e+02 1.945274e-01
2.200000e+02 1.959817e-01
2.220000e+02 1.961552e-01
2.230000e+02 1.974250e-01
2.250000e+02 1.981980e-01
2.260000e+02 1.973769e-01
2.270000e+02 1.989192e-01
2.280000e+02 1.834337e-01
2.290000e+02 1.853957e-01
2.300000e+02 1.857564e-01
2.310000e+02 1.780941e-01
2.320000e+02 1.760409e-01
2.330000e+02 1.754943e-01
2.340000e+02 1.727733e-01
2.350000e+02 1.711983e-01
2.360000e+02 1.705259e-01
2.370000e+02 1.690297e-01
2.400000e+02 1.538764e-01
2.410000e+02 1.457664e-01
2.420000e+02 1.413313e-01
2.430000e+02 1.358103e-01
2.440000e+02 1.298736e-01
2.450000e+02 1.253868e-01
2.460000e+02 1.254952e-01
2.499790e+02 1.183027e-01
2.510000e+02 1.165415e-01
2.530000e+02 1.084770e-01
2.550000e+02 9.960000e-02
2.580000e+02 8.547572e-02
2.600000e+02 7.663992e-02
2.620000e+02 6.934579e-02
2.630000e+02 6.565738e-02
2.660000e+02 5.759801e-02
2.670000e+02 5.555803e-02
2.690000e+02 5.290513e-02
2.733510e+02 4.870964e-02
2.740000e+02 4.811856e-02
2.760000e+02 4.680998e-02
2.780000e+02 4.627790e-02
2.810000e+02 4.605652e-02
2.830000e+02 4.577474e-02
2.875770e+02 4.491014e-02
2.922290e+02 4.406206e-02
2.950000e+02 4.357078e-02
2.990000e+02 4.244141e-02
3.000000e+02 4.244509e-02
3.010000e+02 4.190015e-02
3.030000e+02 4.154774e-02
3.040000e+02 4.068400e-02
3.050000e+02 4.099619e-02
3.070000e+02 4.020150e-02
3.090000e+02 3.968799e-02
3.100000e+02 3.930630e-02
3.140000e+02 3.869649e-02
3.190000e+02 3.843804e-02
3.230000e+02 3.847457e-02
3.240000e+02 3.873515e-02
3.270000e+02 3.910098e-02
3.310000e+02 3.951387e-02
3.350000e+02 3.959265e-02
3.360000e+02 3.950914e-02
3.380000e+02 3.951865e-02
3.430000e+02 3.967676e-02
3.440000e+02 3.988500e-02
3.495640e+02 4.013856e-02
3.500000e+02 4.015827e-02
3.540000e+02 4.011192e-02
3.597260e+02 4.062892e-02
3.630000e+02 4.092368e-02
3.670000e+02 4.100465e-02
3.700000e+02 4.120967e-02
3.707500e+02 4.177785e-02
3.710100e+02 4.154058e-02
3.715000e+02 4.158684e-02
3.717500e+02 4.149272e-02
3.722500e+02 4.171880e-02
3.727500e+02 4.179216e-02
3.735000e+02 4.163650e-02
3.752500e+02 4.170790e-02
3.760000e+02 4.165806e-02
3.762500e+02 4.175104e-02
3.765000e+02 4.159025e-02
3.785100e+02 4.146798e-02
3.787500e+02 4.131122e-02
3.795000e+02 4.150161e-02
3.797400e+02 4.124820e-02
3.802500e+02 4.127610e-02
3.804900e+02 4.100652e-02
3.809900e+02 4.110875e-02
3.830000e+02 4.077787e-02
3.835000e+02 4.099603e-02
3.837600e+02 4.071805e-02
3.860000e+02 4.061606e-02
3.865000e+02 4.057205e-02
3.867400e+02 4.035998e-02
3.877500e+02 4.032308e-02
3.882500e+02 4.015329e-02
3.887500e+02 4.017652e-02
3.895000e+02 3.972041e-02
3.900000e+02 3.959915e-02
3.912500e+02 3.833061e-02
3.917500e+02 3.746975e-02
3.922500e+02 3.630615e-02
3.927500e+02 3.486688e-02
3.930000e+02 3.385350e-02
3.932500e+02 3.302149e-02
3.934900e+02 3.201825e-02
3.937500e+02 3.132130e-02
3.939900e+02 3.089647e-02
3.942600e+02 3.068114e-02
3.945000e+02 3.061646e-02
3.947500e+02 3.071981e-02
3.952500e+02 3.158062e-02
3.955000e+02 3.221123e-02
3.957600e+02 3.301923e-02
3.967500e+02 3.543974e-02
3.970000e+02 3.584713e-02
3.972500e+02 3.647363e-02
3.977500e+02 3.726310e-02
3.990000e+02 3.852941e-02
4.002600e+02 3.912449e-02
4.014900e+02 3.919548e-02
4.017600e+02 3.907118e-02
4.022500e+02 3.906163e-02
4.027400e+02 3.884794e-02
4.032500e+02 3.864118e-02
4.035000e+02 3.843960e-02
4.037500e+02 3.840781e-02
4.040000e+02 3.819063e-02
4.047500e+02 3.809930e-02
4.050000e+02 3.827179e-02
4.055000e+02 3.840462e-02
4.062500e+02 3.866570e-02
4.065000e+02 3.863809e-02
4.075000e+02 3.907106e-02
4.085000e+02 3.922544e-02
4.092600e+02 3.890860e-02
4.095100e+02 3.892570e-02
4.102600e+02 3.787528e-02
4.112600e+02 3.612949e-02
4.117700e+02 3.600372e-02
4.124900e+02 3.671308e-02
4.129900e+02 3.738913e-02
4.132500e+02 3.796107e-02
4.145000e+02 3.976594e-02
4.147500e+02 3.990125e-02
4.150000e+02 4.034321e-02
4.167500e+02 4.150165e-02
4.177400e+02 4.163838e-02
4.180000e+02 4.181917e-02
4.197500e+02 4.181017e-02
4.200000e+02 4.165976e-02
4.205000e+02 4.169555e-02
4.207500e+02 4.115400e-02
4.210000e+02 4.156358e-02
4.215000e+02 4.130952e-02
4.227500e+02 4.140971e-02
4.230000e+02 4.175638e-02
4.232500e+02 4.158855e-02
4.235000e+02 4.176540e-02
4.240000e+02 4.165264e-02
4.245000e+02 4.198706e-02
4.247500e+02 4.179575e-02
4.250100e+02 4.207785e-02
4.257500e+02 4.237299e-02
4.270000e+02 4.241555e-02
4.272500e+02 4.257692e-02
4.292500e+02 4.260680e-02
4.295000e+02 4.250264e-02
4.302600e+02 4.256949e-02
4.315000e+02 4.258067e-02
4.317500e+02 4.265355e-02
4.320000e+02 4.254899e-02
4.322500e+02 4.266475e-02
4.325000e+02 4.225706e-02
4.327500e+02 4.261983e-02
4.330000e+02 4.269659e-02
4.342500e+02 4.252865e-02
4.350000e+02 4.263487e-02
4.352500e+02 4.245244e-02
4.360000e+02 4.251568e-02
4.375000e+02 4.231958e-02
4.377500e+02 4.243204e-02
4.392500e+02 4.201425e-02
4.450000e+02 4.180130e-02
4.480000e+02 4.214540e-02
4.490000e+02 4.234347e-02
4.500000e+02 4.220198e-02
4.510000e+02 4.313200e-02
4.530000e+02 4.356864e-02
4.540000e+02 4.399238e-02
4.550000e+02 4.472871e-02
4.560000e+02 4.450566e-02
4.580000e+02 4.478838e-02
4.600000e+02 4.534586e-02
4.610000e+02 4.537123e-02
4.620000e+02 4.579644e-02
4.670000e+02 4.707520e-02
4.680000e+02 4.716421e-02
4.690000e+02 4.761201e-02
4.700000e+02 4.713211e-02
4.710000e+02 4.713903e-02
4.720000e+02 4.808031e-02
4.750000e+02 4.843707e-02
4.760000e+02 4.877474e-02
4.780000e+02 4.870380e-02
4.790000e+02 4.810402e-02
4.800000e+02 4.893906e-02
4.840000e+02 4.955739e-02
4.850000e+02 4.990076e-02
4.860000e+02 4.886786e-02
4.870000e+02 5.009864e-02
4.880000e+02 4.953723e-02
4.890000e+02 5.018659e-02
4.900000e+02 5.004697e-02
4.930000e+02 5.091140e-02
4.960000e+02 5.083960e-02
4.970000e+02 5.100221e-02
4.980000e+02 5.094618e-02
4.990000e+02 5.111474e-02
5.010000e+02 5.079967e-02
5.020000e+02 5.047553e-02
5.030000e+02 5.113619e-02
5.040000e+02 5.075740e-02
5.050000e+02 5.070454e-02
5.060000e+02 5.090612e-02
5.070000e+02 5.143368e-02
5.080000e+02 5.030073e-02
5.090000e+02 5.076784e-02
5.100000e+02 5.049380e-02
5.110000e+02 5.081581e-02
5.130000e+02 5.091151e-02
5.150000e+02 5.060682e-02
5.160000e+02 4.988790e-02
5.170000e+02 5.054892e-02
5.180000e+02 5.049376e-02
5.190000e+02 5.069909e-02
5.210000e+02 5.037351e-02
5.220000e+02 5.128990e-02
5.230000e+02 5.075740e-02
5.240000e+02 5.120354e-02
5.250000e+02 5.115498e-02
5.260000e+02 5.076796e-02
5.270000e+02 5.146630e-02
5.280000e+02 5.089013e-02
5.290000e+02 5.263317e-02
5.300000e+02 5.246014e-02
5.310000e+02 5.122781e-02
5.320000e+02 5.215071e-02
5.330000e+02 5.244019e-02
5.340000e+02 5.358717e-02
5.350000e+02 5.421741e-02
5.360000e+02 5.188079e-02
5.370000e+02 5.423250e-02
5.380000e+02 5.457031e-02
5.390000e+02 5.529921e-02
5.400000e+02 5.454566e-02
5.410000e+02 5.500542e-02
5.420000e+02 5.428093e-02
5.430100e+02 5.547580e-02
5.440000e+02 5.597064e-02
5.450000e+02 5.878137e-02
5.460000e+02 5.604486e-02
5.490000e+02 5.689046e-02
5.500000e+02 5.819401e-02
5.510000e+02 5.753672e-02
5.540000e+02 5.857951e-02
5.550000e+02 5.948962e-02
5.560000e+02 5.935155e-02
5.570000e+02 5.867154e-02
5.580000e+02 6.014430e-02
5.590000e+02 5.941328e-02
5.600000e+02 6.037953e-02
5.620000e+02 5.891672e-02
5.629900e+02 5.996264e-02
5.640000e+02 5.918906e-02
5.650000e+02 6.015910e-02
5.660000e+02 6.020026e-02
5.670000e+02 6.062031e-02
5.690100e+02 6.068075e-02
5.700000e+02 6.051861e-02
5.720000e+02 5.959519e-02
5.800000e+02 6.411660e-02
5.820000e+02 6.409967e-02
5.840000e+02 6.523019e-02
5.860000e+02 6.452932e-02
5.899900e+02 6.410391e-02
5.995330e+02 6.485008e-02
6.000000e+02 6.488636e-02
6.020000e+02 6.556461e-02
6.040000e+02 6.559111e-02
6.100000e+02 6.672951e-02
6.120000e+02 6.737166e-02
6.140000e+02 6.769532e-02
6.200000e+02 6.933608e-02
6.300100e+02 7.114648e-02
6.400000e+02 7.308140e-02
6.480000e+02 7.453758e-02
6.520000e+02 7.548629e-02
6.560000e+02 7.612425e-02
6.579900e+02 7.677294e-02
6.620000e+02 7.739595e-02
6.640000e+02 7.799198e-02
6.747400e+02 7.994616e-02
6.840000e+02 8.164482e-02
6.940000e+02 8.374621e-02
7.020000e+02 8.588308e-02
7.039900e+02 8.672549e-02
7.100000e+02 8.843654e-02
7.120000e+02 8.854939e-02
7.140000e+02 8.957671e-02
7.220000e+02 9.197367e-02
7.240000e+02 9.189538e-02
7.280100e+02 9.324324e-02
7.397850e+02 9.597461e-02
7.440000e+02 9.696100e-02
7.480000e+02 9.783702e-02
7.500000e+02 9.810440e-02
7.580000e+02 1.004393e-01
7.680000e+02 1.034134e-01
7.700000e+02 1.036921e-01
7.720000e+02 1.046145e-01
7.740000e+02 1.050768e-01
7.760000e+02 1.064811e-01
7.885510e+02 1.104551e-01
8.013050e+02 1.145776e-01
8.020000e+02 1.148043e-01
8.060000e+02 1.160103e-01
8.159900e+02 1.181136e-01
8.291880e+02 1.219614e-01
8.300100e+02 1.222031e-01
8.320000e+02 1.224741e-01
8.340100e+02 1.235350e-01
8.360000e+02 1.240468e-01
8.380000e+02 1.251204e-01
8.400000e+02 1.253566e-01
8.535860e+02 1.301461e-01
8.620000e+02 1.331648e-01
8.719900e+02 1.374022e-01
8.780000e+02 1.394770e-01
8.800000e+02 1.403627e-01
8.820000e+02 1.406059e-01
8.880000e+02 1.434890e-01
8.960000e+02 1.456530e-01
8.979900e+02 1.468310e-01
8.999900e+02 1.469716e-01
9.040000e+02 1.486014e-01
9.060000e+02 1.492354e-01
9.079900e+02 1.507591e-01
9.160000e+02 1.529789e-01
9.180000e+02 1.540857e-01
9.200100e+02 1.543401e-01
9.220000e+02 1.554524e-01
9.240000e+02 1.549298e-01
9.260000e+02 1.573770e-01
9.280100e+02 1.578565e-01
9.430200e+02 1.643411e-01
9.582720e+02 1.710928e-01
9.737720e+02 1.775289e-01
9.895220e+02 1.828229e-01
1.005530e+03 1.886742e-01
1.021790e+03 1.957597e-01
1.038320e+03 2.031130e-01
1.055110e+03 2.107433e-01
1.072180e+03 2.186603e-01
1.089520e+03 2.268718e-01
1.107140e+03 2.353942e-01
1.125050e+03 2.442386e-01
1.143240e+03 2.534114e-01
1.161730e+03 2.629291e-01
1.180520e+03 2.728053e-01
1.199620e+03 2.830543e-01
1.219020e+03 2.936862e-01
1.238740e+03 3.047187e-01
1.258770e+03 3.161639e-01
1.279130e+03 3.283325e-01
1.299820e+03 3.410499e-01
1.320850e+03 3.542619e-01
1.342210e+03 3.679823e-01
1.363920e+03 3.822358e-01
1.385980e+03 3.970409e-01
1.408400e+03 4.124206e-01
1.431180e+03 4.283947e-01
1.454320e+03 4.449856e-01
1.477850e+03 4.622238e-01
1.501750e+03 4.801262e-01
1.526040e+03 4.987227e-01
1.550720e+03 5.184800e-01
1.575800e+03 5.392015e-01
1.601290e+03 5.607521e-01
1.627190e+03 5.831634e-01
1.653510e+03 6.064703e-01
1.680250e+03 6.307084e-01
1.707430e+03 6.559166e-01
1.735050e+03 6.821327e-01
1.763110e+03 7.093940e-01
1.791630e+03 7.377478e-01
1.820600e+03 7.672294e-01
1.850050e+03 7.978940e-01
1.879970e+03 8.297820e-01
1.910380e+03 8.629476e-01
1.941280e+03 8.974360e-01
1.972680e+03 9.336991e-01
2.004580e+03 9.716387e-01
2.037010e+03 1.011125e+00
2.069950e+03 1.052212e+00
2.103430e+03 1.094967e+00
2.137460e+03 1.139468e+00
2.172030e+03 1.185772e+00
2.207160e+03 1.233958e+00
2.242860e+03 1.284101e+00
2.279130e+03 1.336279e+00
2.316000e+03 1.390585e+00
2.353460e+03 1.447090e+00
2.391520e+03 1.505892e+00
2.430200e+03 1.567087e+00
2.469510e+03 1.630766e+00
2.493000e+03 1.669553e+00
2.520100e+03 1.714972e+00
2.520300e+03 4.988922e-01
2.526000e+03 5.016593e-01
2.566860e+03 5.217485e-01
2.592000e+03 5.343415e-01
2.625000e+03 5.511393e-01
2.625200e+03 4.015558e-01
2.626000e+03 4.018473e-01
2.668470e+03 4.176013e-01
2.711630e+03 4.339740e-01
2.755490e+03 4.509877e-01
2.800060e+03 4.686687e-01
2.839000e+03 4.844435e-01
2.865400e+03 4.953126e-01
2.865600e+03 4.358300e-01
2.876000e+03 4.396852e-01
2.922520e+03 4.571716e-01
2.969790e+03 4.753556e-01
3.017820e+03 4.942621e-01
3.066630e+03 5.139188e-01
3.116230e+03 5.343604e-01
3.166630e+03 5.556111e-01
3.217850e+03 5.777107e-01
3.269900e+03 6.006901e-01
3.322790e+03 6.246871e-01
3.376530e+03 6.505454e-01
3.431140e+03 6.774753e-01
3.486640e+03 7.055183e-01
3.543030e+03 7.347196e-01
3.600340e+03 7.651331e-01
3.658570e+03 7.968098e-01
3.717740e+03 8.297886e-01
3.777880e+03 8.641407e-01
3.838980e+03 8.999109e-01
3.901070e+03 9.371608e-01
3.964170e+03 9.767139e-01
4.028290e+03 1.018492e+00
4.093440e+03 1.062056e+00
4.159650e+03 1.107488e+00
4.226930e+03 1.154860e+00
4.295290e+03 1.204256e+00
4.364770e+03 1.255768e+00
4.435360e+03 1.309481e+00
4.507100e+03 1.365496e+00
4.580000e+03 1.423906e+00
4.654080e+03 1.484813e+00
4.729350e+03 1.548322e+00
4.805850e+03 1.614551e+00
4.883580e+03 1.684773e+00
4.962570e+03 1.758736e+00
5.042830e+03 1.835946e+00
5.124400e+03 1.916547e+00
5.207280e+03 2.000683e+00
5.291500e+03 2.088514e+00
5.377090e+03 2.180208e+00
5.464060e+03 2.275919e+00
5.552440e+03 2.375838e+00
5.642240e+03 2.480133e+00
5.733500e+03 2.589012e+00
5.826240e+03 2.702685e+00
5.920470e+03 2.821328e+00
6.016230e+03 2.945191e+00
6.113540e+03 3.074489e+00
6.212420e+03 3.209457e+00
6.312900e+03 3.351618e+00
6.415010e+03 3.501667e+00
6.518760e+03 3.658426e+00
6.624200e+03 3.822203e+00
6.731340e+03 3.993309e+00
6.840210e+03 4.172070e+00
6.950850e+03 4.358840e+00
7.063270e+03 4.553982e+00
7.177520e+03 4.757854e+00
7.293610e+03 4.970841e+00
7.411570e+03 5.193367e+00
7.531450e+03 5.425858e+00
7.653270e+03 5.668759e+00
7.777050e+03 5.922538e+00
7.902840e+03 6.187669e+00
8.030660e+03 6.464667e+00
8.160550e+03 6.754072e+00
8.292540e+03 7.056441e+00
8.426670e+03 7.372344e+00
8.562960e+03 7.702387e+00
8.701460e+03 8.047207e+00
8.842200e+03 8.407452e+00
8.985220e+03 8.783812e+00
9.130540e+03 9.179697e+00
9.278220e+03 9.594082e+00
9.428290e+03 1.002720e+01
9.580790e+03 1.047985e+01
9.735750e+03 1.095295e+01
9.893220e+03 1.144793e+01
1.005320e+04 1.196536e+01
1.021580e+04 1.250635e+01
1.038110e+04 1.307209e+01
1.054900e+04 1.366349e+01
1.071960e+04 1.428189e+01
1.089300e+04 1.492850e+01
1.106920e+04 1.560456e+01
1.124820e+04 1.631144e+01
1.143010e+04 1.705048e+01
1.161500e+04 1.782333e+01
1.180290e+04 1.863143e+01
1.199380e+04 1.947632e+01
1.218780e+04 2.035976e+01
1.238490e+04 2.128344e+01
1.258520e+04 2.224916e+01
1.278880e+04 2.325912e+01
1.299560e+04 2.431496e+01
1.320580e+04 2.541913e+01
1.341940e+04 2.657384e+01
1.363640e+04 2.778094e+01
1.385700e+04 2.904327e+01
1.408110e+04 3.036347e+01
1.430890e+04 3.174377e+01
1.454030e+04 3.318706e+01
1.477550e+04 3.469647e+01
1.501450e+04 3.627482e+01
1.525730e+04 3.792521e+01
1.550410e+04 3.965120e+01
1.575480e+04 4.145597e+01
1.600970e+04 4.334371e+01
1.626860e+04 4.531756e+01
1.653170e+04 4.738183e+01
1.679910e+04 4.954084e+01
1.707080e+04 5.179876e+01
1.734700e+04 5.416057e+01
1.762750e+04 5.663015e+01
1.791260e+04 5.921340e+01
1.820240e+04 6.191558e+01
1.849680e+04 6.474163e+01
1.879590e+04 6.769754e+01
1.909990e+04 7.078969e+01
1.940890e+04 7.402455e+01
1.972280e+04 7.740820e+01
2.000030e+04 8.048029e+01
2.000050e+04 1.194047e+01
2.004180e+04 1.200406e+01
2.036600e+04 1.250997e+01
2.069540e+04 1.303910e+01
2.103010e+04 1.359248e+01
2.137020e+04 1.417131e+01
2.171590e+04 1.477682e+01
2.206710e+04 1.541012e+01
2.242400e+04 1.607257e+01
2.278670e+04 1.676562e+01
2.315530e+04 1.749064e+01
2.352980e+04 1.824906e+01
2.391040e+04 1.904255e+01
2.429710e+04 1.987260e+01
2.469010e+04 2.074117e+01
2.508940e+04 2.164991e+01
2.549520e+04 2.260067e+01
2.590760e+04 2.359559e+01
2.632660e+04 2.463663e+01
2.675250e+04 2.572601e+01
2.718520e+04 2.686596e+01
2.762480e+04 2.805883e+01
2.807170e+04 2.930734e+01
2.852570e+04 3.061385e+01
2.898710e+04 3.198124e+01
2.945590e+04 3.341231e+01
2.993230e+04 3.491026e+01
3.000000e+04 3.512647e+01
