# material=Ni density=8.908
# Photon Energy [eV]  Attenuation Length [um]
1.000000e+01 1.136870e-02
1.016170e+01 1.152434e-02
1.032610e+01 1.168227e-02
1.049310e+01 1.184219e-02
1.066280e+01 1.200438e-02
1.083530e+01 1.216884e-02
1.101060e+01 1.231598e-02
1.118860e+01 1.215709e-02
1.136960e+01 1.200042e-02
1.155350e+01 1.184565e-02
1.174040e+01 1.169303e-02
1.193030e+01 1.154231e-02
1.212320e+01 1.138959e-02
1.231930e+01 1.123678e-02
1.251860e+01 1.108610e-02
1.272100e+01 1.093731e-02
1.292680e+01 1.079061e-02
1.313590e+01 1.064911e-02
1.334830e+01 1.051109e-02
1.356420e+01 1.037493e-02
1.378360e+01 1.024050e-02
1.400660e+01 1.010790e-02
1.423310e+01 9.984528e-03
1.446330e+01 9.907302e-03
1.469730e+01 9.830664e-03
1.493500e+01 9.754595e-03
1.517650e+01 9.679084e-03
1.542200e+01 9.604224e-03
1.567140e+01 9.542632e-03
1.592490e+01 9.513378e-03
1.618250e+01 9.484206e-03
1.644420e+01 9.455107e-03
1.671020e+01 9.426118e-03
1.698050e+01 9.397232e-03
1.725510e+01 9.368376e-03
1.753420e+01 9.369965e-03
1.781780e+01 9.390027e-03
1.810600e+01 9.410121e-03
1.839890e+01 9.430256e-03
1.869640e+01 9.450397e-03
1.899880e+01 9.470624e-03
1.930610e+01 9.705286e-03
1.961840e+01 9.934943e-03
1.993570e+01 1.006964e-02
2.025820e+01 1.020619e-02
2.058580e+01 1.034455e-02
2.091880e+01 1.048164e-02
2.125710e+01 1.050051e-02
2.160090e+01 1.051944e-02
2.195030e+01 1.053843e-02
2.230530e+01 1.043548e-02
2.266610e+01 1.030403e-02
2.303270e+01 1.017423e-02
2.340530e+01 1.004611e-02
2.378380e+01 9.919541e-03
2.416850e+01 9.943034e-03
2.455940e+01 1.003216e-02
2.495660e+01 1.012210e-02
2.536030e+01 1.021288e-02
2.577050e+01 1.030445e-02
2.618730e+01 1.049528e-02
2.661090e+01 1.072591e-02
2.704130e+01 1.096161e-02
2.747860e+01 1.120248e-02
2.792310e+01 1.146303e-02
2.837470e+01 1.175782e-02
2.883370e+01 1.206024e-02
2.930000e+01 1.237038e-02
2.977390e+01 1.268853e-02
3.025550e+01 1.301488e-02
3.074490e+01 1.333712e-02
3.124210e+01 1.366464e-02
3.174750e+01 1.400024e-02
3.226090e+01 1.434400e-02
3.278270e+01 1.469627e-02
3.331300e+01 1.505721e-02
3.385180e+01 1.542700e-02
3.439930e+01 1.580582e-02
3.495570e+01 1.618223e-02
3.552110e+01 1.655218e-02
3.609560e+01 1.693063e-02
3.667940e+01 1.731771e-02
3.727270e+01 1.771369e-02
3.787550e+01 1.811868e-02
3.848820e+01 1.853295e-02
3.911070e+01 1.884069e-02
3.974320e+01 1.914709e-02
4.038610e+01 1.945856e-02
4.103930e+01 1.977504e-02
4.170310e+01 2.009669e-02
4.237760e+01 2.042362e-02
4.306300e+01 2.065154e-02
4.375950e+01 2.082780e-02
4.446730e+01 2.100557e-02
4.518650e+01 2.118476e-02
4.591740e+01 2.136557e-02
4.666000e+01 2.154788e-02
4.741470e+01 2.173175e-02
4.818160e+01 2.187641e-02
4.896090e+01 2.189826e-02
4.975280e+01 2.192015e-02
5.055760e+01 2.194201e-02
5.137530e+01 2.196394e-02
5.220620e+01 2.198582e-02
5.305060e+01 2.198935e-02
5.390870e+01 2.198667e-02
5.478060e+01 2.198392e-02
5.566670e+01 2.198121e-02
5.656700e+01 2.197849e-02
5.748200e+01 2.198201e-02
5.841170e+01 2.209028e-02
5.935640e+01 2.219903e-02
6.031650e+01 2.230836e-02
6.129210e+01 2.227225e-02
6.228340e+01 2.179675e-02
6.329080e+01 2.133150e-02
6.431450e+01 2.087616e-02
6.535470e+01 1.909444e-02
6.641180e+01 1.685738e-02
6.748590e+01 1.488236e-02
6.857750e+01 1.313880e-02
6.968670e+01 1.283668e-02
7.081380e+01 1.260542e-02
7.195910e+01 1.240740e-02
7.312300e+01 1.244225e-02
7.430570e+01 1.247719e-02
7.550760e+01 1.251225e-02
7.672890e+01 1.254739e-02
7.796990e+01 1.265247e-02
7.923100e+01 1.278226e-02
8.051250e+01 1.291339e-02
8.181470e+01 1.304584e-02
8.313800e+01 1.317968e-02
8.448270e+01 1.340488e-02
8.584910e+01 1.365634e-02
8.723770e+01 1.391254e-02
8.864870e+01 1.417352e-02
9.008250e+01 1.443940e-02
9.153950e+01 1.471028e-02
9.302010e+01 1.496789e-02
9.452460e+01 1.518965e-02
9.605350e+01 1.541471e-02
9.760710e+01 1.564309e-02
9.918580e+01 1.587485e-02
1.007900e+02 1.611003e-02
1.024200e+02 1.634871e-02
1.040770e+02 1.659100e-02
1.057600e+02 1.683674e-02
1.074710e+02 1.708625e-02
1.092090e+02 1.736044e-02
1.109750e+02 1.764405e-02
1.127700e+02 1.793235e-02
1.145940e+02 1.822538e-02
1.164480e+02 1.852326e-02
1.183310e+02 1.882584e-02
1.202450e+02 1.913346e-02
1.221900e+02 1.946754e-02
1.241660e+02 1.981406e-02
1.261750e+02 2.016692e-02
1.282150e+02 2.052585e-02
1.302890e+02 2.089128e-02
1.323970e+02 2.126332e-02
1.345380e+02 2.164183e-02
1.367140e+02 2.185740e-02
1.389250e+02 2.206127e-02
1.411720e+02 2.226712e-02
1.434560e+02 2.247494e-02
1.457760e+02 2.268463e-02
1.481340e+02 2.289615e-02
1.505300e+02 2.310976e-02
1.529640e+02 2.332540e-02
1.554390e+02 2.354301e-02
1.579530e+02 2.378573e-02
1.605070e+02 2.424261e-02
1.631030e+02 2.470835e-02
1.657420e+02 2.518317e-02
1.684220e+02 2.566684e-02
1.711460e+02 2.615988e-02
1.739150e+02 2.666251e-02
1.767270e+02 2.717449e-02
1.795860e+02 2.769679e-02
1.824910e+02 2.822879e-02
1.854420e+02 2.877111e-02
1.884420e+02 2.932372e-02
1.914890e+02 2.988698e-02
1.945870e+02 3.046129e-02
1.977340e+02 3.104637e-02
2.009320e+02 3.164276e-02
2.041820e+02 3.225068e-02
2.074850e+02 3.305916e-02
2.108400e+02 3.392416e-02
2.142510e+02 3.481208e-02
2.177160e+02 3.572302e-02
2.212370e+02 3.665781e-02
2.248160e+02 3.761722e-02
2.284520e+02 3.860158e-02
2.321470e+02 3.961180e-02
2.359020e+02 4.064845e-02
2.397170e+02 4.171206e-02
2.435950e+02 4.280379e-02
2.475350e+02 4.392398e-02
2.515380e+02 4.507333e-02
2.556070e+02 4.625291e-02
2.597410e+02 4.746332e-02
2.639420e+02 4.870533e-02
2.682110e+02 4.997991e-02
2.725490e+02 5.128788e-02
2.769570e+02 5.262997e-02
2.814370e+02 5.400737e-02
2.859890e+02 5.549251e-02
2.906150e+02 5.728755e-02
2.953150e+02 5.914033e-02
3.000920e+02 6.105339e-02
3.049450e+02 6.302798e-02
3.098780e+02 6.506681e-02
3.148900e+02 6.717133e-02
3.199830e+02 6.934400e-02
3.251580e+02 7.158686e-02
3.304180e+02 7.390249e-02
3.357620e+02 7.629272e-02
3.411920e+02 7.876024e-02
3.467110e+02 8.130786e-02
3.523190e+02 8.393787e-02
3.580170e+02 8.665263e-02
3.638080e+02 8.945557e-02
3.696920e+02 9.234898e-02
3.756720e+02 9.552231e-02
3.817480e+02 9.886427e-02
3.879220e+02 1.023232e-01
3.941970e+02 1.059033e-01
4.005730e+02 1.096087e-01
4.070520e+02 1.134437e-01
4.136350e+02 1.174125e-01
4.203260e+02 1.215208e-01
4.271240e+02 1.257722e-01
4.340320e+02 1.301726e-01
4.410520e+02 1.347270e-01
4.481860e+02 1.394408e-01
4.554350e+02 1.443195e-01
4.628020e+02 1.493691e-01
4.702870e+02 1.545949e-01
4.778940e+02 1.600039e-01
4.856230e+02 1.656019e-01
4.934780e+02 1.713963e-01
5.014590e+02 1.776474e-01
5.095700e+02 1.848940e-01
5.178120e+02 1.924367e-01
5.261870e+02 2.002868e-01
5.346980e+02 2.084571e-01
5.433460e+02 2.169611e-01
5.521340e+02 2.258114e-01
5.610650e+02 2.350239e-01
5.701390e+02 2.446105e-01
5.793610e+02 2.545894e-01
5.887320e+02 2.649755e-01
5.982540e+02 2.757846e-01
6.079300e+02 2.870351e-01
6.177630e+02 2.975164e-01
6.277550e+02 3.080399e-01
6.379080e+02 3.189351e-01
6.482260e+02 3.302158e-01
6.587110e+02 3.418962e-01
6.693650e+02 3.539890e-01
6.801910e+02 3.665091e-01
6.911930e+02 3.794734e-01
7.023720e+02 3.928957e-01
7.137330e+02 4.067920e-01
7.252770e+02 4.257637e-01
7.370080e+02 4.530801e-01
7.489280e+02 4.821493e-01
7.610420e+02 4.958214e-01
7.733510e+02 5.141370e-01
7.858590e+02 5.318788e-01
7.985700e+02 5.491530e-01
8.114860e+02 5.668580e-01
8.246110e+02 5.851316e-01
8.379490e+02 6.039901e-01
8.515020e+02 6.234569e-01
8.526000e+02 6.250471e-01
8.528000e+02 7.780895e-02
8.652740e+02 8.054854e-02
8.792690e+02 8.368830e-02
8.934910e+02 8.695054e-02
9.079430e+02 9.034008e-02
9.226280e+02 9.386139e-02
9.375510e+02 9.742088e-02
9.527150e+02 1.011884e-01
9.681240e+02 1.051670e-01
9.837830e+02 1.079207e-01
9.996950e+02 1.076236e-01
1.015860e+03 1.040730e-01
1.032290e+03 1.080280e-01
1.048990e+03 1.122414e-01
1.065960e+03 1.166650e-01
1.083200e+03 1.212642e-01
1.100720e+03 1.260455e-01
1.118520e+03 1.310158e-01
1.136610e+03 1.361818e-01
1.155000e+03 1.415524e-01
1.173680e+03 1.471331e-01
1.192660e+03 1.529335e-01
1.211950e+03 1.589636e-01
1.231550e+03 1.652314e-01
1.251470e+03 1.717780e-01
1.271720e+03 1.786225e-01
1.292290e+03 1.857848e-01
1.313190e+03 1.932339e-01
1.334430e+03 2.009831e-01
1.356010e+03 2.090432e-01
1.377940e+03 2.174250e-01
1.400230e+03 2.261448e-01
1.422880e+03 2.352147e-01
1.445890e+03 2.446457e-01
1.469280e+03 2.544938e-01
1.493040e+03 2.647970e-01
1.517190e+03 2.757783e-01
1.541730e+03 2.872510e-01
1.566670e+03 2.991985e-01
1.592010e+03 3.116450e-01
1.617760e+03 3.246113e-01
1.643920e+03 3.381173e-01
1.670510e+03 3.521851e-01
1.697530e+03 3.668350e-01
1.724990e+03 3.820898e-01
1.752890e+03 3.981674e-01
1.781240e+03 4.149854e-01
1.810050e+03 4.325637e-01
1.839320e+03 4.508830e-01
1.869070e+03 4.699817e-01
1.899300e+03 4.898922e-01
1.930020e+03 5.106364e-01
1.961240e+03 5.322613e-01
1.992960e+03 5.548115e-01
2.025200e+03 5.780981e-01
2.057950e+03 6.027324e-01
2.091240e+03 6.284615e-01
2.125060e+03 6.553181e-01
2.159430e+03 6.833428e-01
2.194360e+03 7.126325e-01
2.229850e+03 7.431603e-01
2.265920e+03 7.750643e-01
2.302570e+03 8.083823e-01
2.339810e+03 8.431267e-01
2.377660e+03 8.794185e-01
2.416110e+03 9.172663e-01
2.455190e+03 9.568268e-01
2.494900e+03 9.981216e-01
2.535260e+03 1.041182e+00
2.576260e+03 1.086205e+00
2.617930e+03 1.133170e+00
2.660270e+03 1.182218e+00
2.703300e+03 1.233417e+00
2.747030e+03 1.286883e+00
2.791460e+03 1.342694e+00
2.836610e+03 1.400980e+00
2.882490e+03 1.461819e+00
2.929110e+03 1.525356e+00
2.976480e+03 1.591686e+00
3.024630e+03 1.660949e+00
3.073550e+03 1.733271e+00
3.123260e+03 1.808808e+00
3.173780e+03 1.887681e+00
3.225110e+03 1.970048e+00
3.277270e+03 2.056028e+00
3.330280e+03 2.145840e+00
3.384150e+03 2.239647e+00
3.438880e+03 2.337630e+00
3.494500e+03 2.439905e+00
3.551020e+03 2.546781e+00
3.608460e+03 2.658369e+00
3.666820e+03 2.774935e+00
3.726130e+03 2.896723e+00
3.786400e+03 3.023901e+00
3.847640e+03 3.156726e+00
3.909870e+03 3.295519e+00
3.973110e+03 3.440460e+00
4.037380e+03 3.591983e+00
4.102680e+03 3.750209e+00
4.169030e+03 3.915599e+00
4.236460e+03 4.088278e+00
4.304980e+03 4.268795e+00
4.374620e+03 4.457542e+00
4.445370e+03 4.654581e+00
4.517270e+03 4.860728e+00
4.590330e+03 5.075980e+00
4.664580e+03 5.301137e+00
4.740030e+03 5.536450e+00
4.816690e+03 5.782397e+00
4.894600e+03 6.039429e+00
4.973770e+03 6.308376e+00
5.054210e+03 6.589645e+00
5.135960e+03 6.883427e+00
5.219030e+03 7.190862e+00
5.303440e+03 7.512491e+00
5.389220e+03 7.848796e+00
5.476390e+03 8.200849e+00
5.564970e+03 8.568441e+00
5.654980e+03 8.954036e+00
5.746440e+03 9.356836e+00
5.839390e+03 9.778347e+00
5.933830e+03 1.021972e+01
6.029810e+03 1.068213e+01
6.127330e+03 1.116554e+01
6.226440e+03 1.167236e+01
6.327150e+03 1.220276e+01
6.429480e+03 1.275824e+01
6.533480e+03 1.334041e+01
6.639150e+03 1.395013e+01
6.746540e+03 1.458907e+01
6.855650e+03 1.525877e+01
6.966540e+03 1.596060e+01
7.079220e+03 1.669672e+01
7.193720e+03 1.746854e+01
7.310070e+03 1.827815e+01
7.428310e+03 1.912714e+01
7.548450e+03 2.001845e+01
7.670540e+03 2.095372e+01
7.794610e+03 2.193553e+01
7.920680e+03 2.296641e+01
8.048790e+03 2.404969e+01
8.178980e+03 2.518756e+01
8.311260e+03 2.638147e+01
8.332700e+03 2.657841e+01
8.332900e+03 3.398619e+00
8.445690e+03 3.513051e+00
8.582290e+03 3.654667e+00
8.721110e+03 3.802799e+00
8.862160e+03 3.957711e+00
9.005500e+03 4.119721e+00
9.151160e+03 4.289228e+00
9.299170e+03 4.466677e+00
9.449580e+03 4.652255e+00
9.602420e+03 4.846314e+00
9.757730e+03 5.049470e+00
9.915550e+03 5.261684e+00
1.007590e+04 5.483971e+00
1.023890e+04 5.716592e+00
1.040450e+04 5.959959e+00
1.057280e+04 6.214629e+00
1.074380e+04 6.481122e+00
1.091760e+04 6.759992e+00
1.109420e+04 7.051827e+00
1.127360e+04 7.357216e+00
1.145590e+04 7.676804e+00
1.164120e+04 8.011361e+00
1.182950e+04 8.361524e+00
1.202080e+04 8.727984e+00
1.221530e+04 9.111647e+00
1.241280e+04 9.513165e+00
1.261360e+04 9.933554e+00
1.281760e+04 1.037361e+01
1.302500e+04 1.083435e+01
1.323560e+04 1.131661e+01
1.344970e+04 1.182167e+01
1.366720e+04 1.235033e+01
1.388830e+04 1.290402e+01
1.411290e+04 1.348372e+01
1.434120e+04 1.409073e+01
1.457310e+04 1.472638e+01
1.480890e+04 1.539221e+01
1.504840e+04 1.608940e+01
1.529180e+04 1.681949e+01
1.553910e+04 1.758423e+01
1.579040e+04 1.838508e+01
1.604580e+04 1.922409e+01
1.630540e+04 2.010301e+01
1.656910e+04 2.102341e+01
1.683710e+04 2.198780e+01
1.710940e+04 2.299786e+01
1.738610e+04 2.405603e+01
1.766740e+04 2.516485e+01
1.795310e+04 2.632642e+01
1.824350e+04 2.754340e+01
1.853860e+04 2.881839e+01
1.883840e+04 3.015447e+01
1.914310e+04 3.155443e+01
1.945270e+04 3.302135e+01
1.976740e+04 3.455873e+01
2.008710e+04 3.616964e+01
2.041200e+04 3.785784e+01
2.074210e+04 3.962702e+01
2.107760e+04 4.148132e+01
2.141850e+04 4.342460e+01
2.176500e+04 4.546165e+01
2.211700e+04 4.759649e+01
2.247470e+04 4.983414e+01
2.283820e+04 5.217971e+01
2.320760e+04 5.463850e+01
2.358300e+04 5.721602e+01
2.396440e+04 5.991769e+01
2.435200e+04 6.275025e+01
2.474590e+04 6.571961e+01
2.514620e+04 6.883297e+01
2.555290e+04 7.209673e+01
2.596620e+04 7.551867e+01
2.638610e+04 7.910628e+01
2.681290e+04 8.286823e+01
2.724660e+04 8.681271e+01
2.768730e+04 9.094888e+01
2.813510e+04 9.528582e+01
2.859020e+04 9.983383e+01
2.905260e+04 1.046029e+02
2.952250e+04 1.096044e+02
3.000000e+04 1.148495e+02
