# material=Pa density=15.37
# Photon Energy [eV]  Attenuation Length [um]
1.000000e+01 2.032064e-02
1.016170e+01 2.061252e-02
1.032610e+01 2.090883e-02
1.049310e+01 2.120923e-02
1.066280e+01 2.195753e-02
1.083530e+01 2.286248e-02
1.101060e+01 2.380479e-02
1.118860e+01 2.475400e-02
1.136960e+01 2.562180e-02
1.155350e+01 2.652007e-02
1.174040e+01 2.745004e-02
1.193030e+01 2.841233e-02
1.212320e+01 2.940836e-02
1.231930e+01 3.043949e-02
1.251860e+01 3.150663e-02
1.272100e+01 3.261229e-02
1.292680e+01 3.378066e-02
1.313590e+01 3.499084e-02
1.334830e+01 3.624420e-02
1.356420e+01 3.754243e-02
1.378360e+01 3.888758e-02
1.400660e+01 4.028058e-02
1.423310e+01 4.172334e-02
1.446330e+01 4.314344e-02
1.469730e+01 4.456491e-02
1.493500e+01 4.603316e-02
1.517650e+01 4.754926e-02
1.542200e+01 4.911583e-02
1.567140e+01 5.053777e-02
1.592490e+01 5.165137e-02
1.618250e+01 5.278981e-02
1.644420e+01 5.332019e-02
1.671020e+01 5.321089e-02
1.698050e+01 5.226076e-02
1.725510e+01 4.972399e-02
1.753420e+01 4.283246e-02
1.781780e+01 3.592731e-02
1.810600e+01 3.013567e-02
1.839890e+01 2.567381e-02
1.869640e+01 2.327950e-02
1.899880e+01 2.110867e-02
1.930610e+01 1.914023e-02
1.961840e+01 1.772012e-02
1.993570e+01 1.690531e-02
2.025820e+01 1.612795e-02
2.058580e+01 1.538631e-02
2.091880e+01 1.467884e-02
2.125710e+01 1.408211e-02
2.160090e+01 1.357113e-02
2.195030e+01 1.307873e-02
2.230530e+01 1.260416e-02
2.266610e+01 1.214684e-02
2.303270e+01 1.170609e-02
2.340530e+01 1.130464e-02
2.378380e+01 1.095242e-02
2.416850e+01 1.061121e-02
2.455940e+01 1.028062e-02
2.495660e+01 9.960322e-03
2.536030e+01 9.650030e-03
2.577050e+01 9.409368e-03
2.618730e+01 9.212464e-03
2.661090e+01 9.019673e-03
2.704130e+01 8.830967e-03
2.747860e+01 8.646134e-03
2.792310e+01 8.465286e-03
2.837470e+01 8.379252e-03
2.883370e+01 8.338263e-03
2.930000e+01 8.297452e-03
2.977390e+01 8.256881e-03
3.025550e+01 8.216551e-03
3.074490e+01 8.176340e-03
3.124210e+01 8.136353e-03
3.174750e+01 8.158999e-03
3.226090e+01 8.216224e-03
3.278270e+01 8.273787e-03
3.331300e+01 8.331805e-03
3.385180e+01 8.390252e-03
3.439930e+01 8.449037e-03
3.495570e+01 8.611871e-03
3.552110e+01 8.858202e-03
3.609560e+01 9.164425e-03
3.667940e+01 9.481256e-03
3.727270e+01 9.809090e-03
3.787550e+01 1.014821e-02
3.848820e+01 1.049910e-02
3.911070e+01 1.086201e-02
3.974320e+01 1.123757e-02
4.038610e+01 1.162511e-02
4.103930e+01 1.202565e-02
4.170310e+01 1.243997e-02
4.237760e+01 1.286845e-02
4.306300e+01 1.335171e-02
4.375950e+01 1.397748e-02
4.446730e+01 1.463260e-02
4.518650e+01 1.531828e-02
4.591740e+01 1.590831e-02
4.666000e+01 1.651837e-02
4.741470e+01 1.715193e-02
4.818160e+01 1.784468e-02
4.896090e+01 1.859870e-02
4.975280e+01 1.938459e-02
5.055760e+01 2.020374e-02
5.137530e+01 2.116414e-02
5.220620e+01 2.246918e-02
5.305060e+01 2.385469e-02
5.390870e+01 2.514774e-02
5.478060e+01 2.645389e-02
5.566670e+01 2.782797e-02
5.656700e+01 2.927327e-02
5.748200e+01 3.083974e-02
5.841170e+01 3.278097e-02
5.935640e+01 3.484444e-02
6.031650e+01 3.703714e-02
6.129210e+01 3.935233e-02
6.228340e+01 4.181205e-02
6.329080e+01 4.443954e-02
6.431450e+01 4.731685e-02
6.535470e+01 5.038027e-02
6.641180e+01 5.367282e-02
6.748590e+01 5.728067e-02
6.857750e+01 6.113119e-02
6.968670e+01 6.518647e-02
7.081380e+01 6.946221e-02
7.195910e+01 7.401866e-02
7.312300e+01 7.888084e-02
7.430570e+01 8.417051e-02
7.550760e+01 8.981470e-02
7.672890e+01 9.552535e-02
7.796990e+01 1.010057e-01
7.923100e+01 1.067673e-01
8.051250e+01 1.114748e-01
8.181470e+01 1.163897e-01
8.313800e+01 1.205019e-01
8.448270e+01 1.236829e-01
8.584910e+01 1.252752e-01
8.723770e+01 1.259382e-01
8.864870e+01 1.255478e-01
9.008250e+01 1.195492e-01
9.153950e+01 1.024798e-01
9.302010e+01 4.986110e-02
9.452460e+01 2.789949e-02
9.605350e+01 1.763435e-02
9.760710e+01 1.617003e-02
9.918580e+01 2.715389e-02
1.007900e+02 3.360254e-02
1.024200e+02 3.664389e-02
1.040770e+02 2.372594e-02
1.057600e+02 1.536204e-02
1.074710e+02 9.358866e-03
1.092090e+02 5.373886e-03
1.109750e+02 4.827283e-03
1.127700e+02 5.217025e-03
1.145940e+02 6.835809e-03
1.164480e+02 8.378773e-03
1.183310e+02 9.752346e-03
1.202450e+02 1.135122e-02
1.221900e+02 1.321215e-02
1.241660e+02 1.537814e-02
1.261750e+02 1.677732e-02
1.282150e+02 1.814702e-02
1.302890e+02 1.962863e-02
1.323970e+02 2.123133e-02
1.345380e+02 2.296468e-02
1.367140e+02 2.483962e-02
1.389250e+02 2.686771e-02
1.411720e+02 2.906133e-02
1.434560e+02 3.143415e-02
1.457760e+02 3.400042e-02
1.481340e+02 3.677509e-02
1.505300e+02 3.967153e-02
1.529640e+02 4.279566e-02
1.554390e+02 4.616597e-02
1.579530e+02 4.980164e-02
1.605070e+02 5.372378e-02
1.631030e+02 5.795468e-02
1.657420e+02 6.165483e-02
1.684220e+02 6.526533e-02
1.711460e+02 6.959614e-02
1.739150e+02 7.420042e-02
1.767270e+02 7.892230e-02
1.795860e+02 8.394544e-02
1.824910e+02 8.807113e-02
1.854420e+02 9.234690e-02
1.884420e+02 9.760747e-02
1.914890e+02 1.040680e-01
1.945870e+02 1.112190e-01
1.977340e+02 1.190963e-01
2.009320e+02 1.267259e-01
2.041820e+02 1.337859e-01
2.074850e+02 1.410778e-01
2.108400e+02 1.477700e-01
2.142510e+02 1.547806e-01
2.177160e+02 1.656176e-01
2.212370e+02 1.807959e-01
2.248160e+02 1.910458e-01
2.284520e+02 2.018753e-01
2.321470e+02 2.135001e-01
2.359020e+02 2.259045e-01
2.397170e+02 2.385519e-01
2.435950e+02 2.508292e-01
2.475350e+02 2.637378e-01
2.515380e+02 2.752876e-01
2.556070e+02 2.848585e-01
2.597410e+02 2.937091e-01
2.639420e+02 2.969377e-01
2.682110e+02 3.002021e-01
2.725490e+02 3.033825e-01
2.769570e+02 3.055395e-01
2.814370e+02 3.077126e-01
2.859890e+02 3.098285e-01
2.906150e+02 3.117503e-01
2.953150e+02 3.136835e-01
3.000920e+02 3.156294e-01
3.049450e+02 3.149717e-01
3.098780e+02 3.137945e-01
3.148900e+02 3.126210e-01
3.199830e+02 3.114323e-01
3.251580e+02 3.102185e-01
3.304180e+02 3.090115e-01
3.357620e+02 3.071814e-01
3.411920e+02 3.042827e-01
3.467110e+02 3.014117e-01
3.523190e+02 2.948282e-01
3.580170e+02 2.869422e-01
3.638080e+02 2.709622e-01
3.696920e+02 2.552947e-01
3.756720e+02 2.431751e-01
3.817480e+02 2.312516e-01
3.879220e+02 2.115426e-01
3.941970e+02 1.953775e-01
4.005730e+02 1.811365e-01
4.070520e+02 1.696802e-01
4.136350e+02 1.583157e-01
4.203260e+02 1.441671e-01
4.271240e+02 1.279876e-01
4.340320e+02 1.199038e-01
4.410520e+02 1.123314e-01
4.481860e+02 1.052394e-01
4.554350e+02 9.835916e-02
4.628020e+02 9.143173e-02
4.702870e+02 8.767960e-02
4.778940e+02 8.474383e-02
4.856230e+02 8.190648e-02
4.934780e+02 7.916311e-02
5.014590e+02 7.651027e-02
5.095700e+02 7.406002e-02
5.178120e+02 7.250724e-02
5.261870e+02 7.098690e-02
5.346980e+02 6.955599e-02
5.433460e+02 6.870343e-02
5.521340e+02 6.786145e-02
5.610650e+02 6.702967e-02
5.701390e+02 6.656319e-02
5.793610e+02 6.647339e-02
5.887320e+02 6.638353e-02
5.982540e+02 6.629392e-02
6.079300e+02 6.648363e-02
6.177630e+02 6.698294e-02
6.277550e+02 6.748622e-02
6.379080e+02 6.799289e-02
6.482260e+02 6.867300e-02
6.587110e+02 6.938682e-02
6.693650e+02 7.010801e-02
6.801910e+02 6.958199e-02
6.911930e+02 6.832483e-02
7.023720e+02 6.716998e-02
7.137330e+02 6.642912e-02
7.252770e+02 6.569630e-02
7.370080e+02 6.662594e-02
7.489280e+02 6.778654e-02
7.610420e+02 6.897545e-02
7.733510e+02 7.018526e-02
7.858590e+02 7.141640e-02
7.985700e+02 7.300615e-02
8.114860e+02 7.465582e-02
8.246110e+02 7.634266e-02
8.379490e+02 7.806021e-02
8.515020e+02 7.981272e-02
8.652740e+02 8.161177e-02
8.792690e+02 8.380538e-02
8.934910e+02 8.605805e-02
9.079430e+02 8.822793e-02
9.226280e+02 9.032795e-02
9.375510e+02 9.247811e-02
9.527150e+02 9.467922e-02
9.681240e+02 9.695392e-02
9.837830e+02 9.928535e-02
9.996950e+02 1.016731e-01
1.015860e+03 1.032475e-01
1.032290e+03 1.062313e-01
1.048990e+03 1.088034e-01
1.065960e+03 1.108652e-01
1.083200e+03 1.129667e-01
1.100720e+03 1.151098e-01
1.118520e+03 1.172947e-01
1.136610e+03 1.195240e-01
1.155000e+03 1.217978e-01
1.173680e+03 1.241161e-01
1.192660e+03 1.264808e-01
1.211950e+03 1.288923e-01
1.231550e+03 1.313515e-01
1.251470e+03 1.340661e-01
1.271720e+03 1.370707e-01
1.292290e+03 1.404366e-01
1.313190e+03 1.438889e-01
1.334430e+03 1.474277e-01
1.356010e+03 1.510555e-01
1.377940e+03 1.547795e-01
1.400230e+03 1.585973e-01
1.422880e+03 1.625108e-01
1.445890e+03 1.665274e-01
1.469280e+03 1.707735e-01
1.493040e+03 1.753270e-01
1.517190e+03 1.808677e-01
1.541730e+03 1.867112e-01
1.566670e+03 1.927493e-01
1.592010e+03 1.989887e-01
1.617760e+03 2.054341e-01
1.643920e+03 2.120939e-01
1.670510e+03 2.189751e-01
1.697530e+03 2.260853e-01
1.724990e+03 2.334354e-01
1.752890e+03 2.412460e-01
1.781240e+03 2.493987e-01
1.810050e+03 2.578944e-01
1.839320e+03 2.666910e-01
1.869070e+03 2.757936e-01
1.899300e+03 2.852131e-01
1.930020e+03 2.949635e-01
1.961240e+03 3.050506e-01
1.992960e+03 3.154874e-01
2.025200e+03 3.260999e-01
2.057950e+03 3.375122e-01
2.091240e+03 3.493982e-01
2.125060e+03 3.617559e-01
2.159430e+03 3.746049e-01
2.194360e+03 3.879882e-01
2.229850e+03 4.019246e-01
2.265920e+03 4.164363e-01
2.302570e+03 4.315377e-01
2.339810e+03 4.472390e-01
2.377660e+03 4.636180e-01
2.416110e+03 4.806659e-01
2.455190e+03 4.984311e-01
2.494900e+03 5.169247e-01
2.535260e+03 5.362194e-01
2.576260e+03 5.563077e-01
2.617930e+03 5.772432e-01
2.660270e+03 5.990742e-01
2.703300e+03 6.218541e-01
2.747030e+03 6.456000e-01
2.791460e+03 6.703760e-01
2.836610e+03 6.962061e-01
2.882490e+03 7.231782e-01
2.929110e+03 7.513226e-01
2.976480e+03 7.807002e-01
3.024630e+03 8.113691e-01
3.073550e+03 8.434109e-01
3.123260e+03 8.769038e-01
3.173780e+03 9.118878e-01
3.225110e+03 9.484385e-01
3.277270e+03 9.866763e-01
3.330280e+03 1.026692e+00
3.384150e+03 1.068559e+00
3.438880e+03 1.112237e+00
3.441700e+03 1.114522e+00
3.441900e+03 4.466583e-01
3.494500e+03 4.650278e-01
3.551020e+03 4.852818e-01
3.608460e+03 5.064025e-01
3.611100e+03 5.073869e-01
3.611300e+03 3.305686e-01
3.666820e+03 3.442482e-01
3.726130e+03 3.592438e-01
3.786400e+03 3.748792e-01
3.847640e+03 3.911706e-01
3.909870e+03 4.081457e-01
3.973110e+03 4.258350e-01
4.037380e+03 4.442795e-01
4.102680e+03 4.634770e-01
4.169030e+03 4.834642e-01
4.173700e+03 4.848904e-01
4.173900e+03 4.403893e-01
4.236460e+03 4.568625e-01
4.304980e+03 4.753197e-01
4.374620e+03 4.945404e-01
4.445370e+03 5.145013e-01
4.517270e+03 5.352877e-01
4.590330e+03 5.568841e-01
4.664580e+03 5.793361e-01
4.740030e+03 6.026965e-01
4.816690e+03 6.269929e-01
4.894600e+03 6.522927e-01
4.973770e+03 6.786034e-01
5.000800e+03 6.877287e-01
5.001000e+03 6.523183e-01
5.054210e+03 6.690879e-01
5.135960e+03 6.953354e-01
5.219030e+03 7.226090e-01
5.303440e+03 7.509571e-01
5.366800e+03 7.726547e-01
5.367000e+03 7.449907e-01
5.389220e+03 7.524081e-01
5.476390e+03 7.819183e-01
5.564970e+03 8.126784e-01
5.654980e+03 8.447939e-01
5.746440e+03 8.783444e-01
5.839390e+03 9.133633e-01
5.933830e+03 9.499223e-01
6.029810e+03 9.881015e-01
6.127330e+03 1.027953e+00
6.226440e+03 1.069576e+00
6.327150e+03 1.113017e+00
6.429480e+03 1.158353e+00
6.533480e+03 1.205701e+00
6.639150e+03 1.255120e+00
6.746540e+03 1.306715e+00
6.855650e+03 1.360551e+00
6.966540e+03 1.416774e+00
7.079220e+03 1.475431e+00
7.193720e+03 1.536673e+00
7.310070e+03 1.600569e+00
7.428310e+03 1.667285e+00
7.548450e+03 1.736890e+00
7.670540e+03 1.809509e+00
7.794610e+03 1.885318e+00
7.920680e+03 1.964441e+00
8.048790e+03 2.046952e+00
8.178980e+03 2.133093e+00
8.311260e+03 2.222918e+00
8.445690e+03 2.316669e+00
8.582290e+03 2.414470e+00
8.721110e+03 2.516449e+00
8.862160e+03 2.622827e+00
9.005500e+03 2.733858e+00
9.151160e+03 2.849591e+00
9.299170e+03 2.970330e+00
9.449580e+03 3.096284e+00
9.602420e+03 3.227452e+00
9.757730e+03 3.364364e+00
9.915550e+03 3.507097e+00
1.007590e+04 3.675173e+00
1.023890e+04 3.850779e+00
1.040450e+04 4.034061e+00
1.057280e+04 4.225226e+00
1.074380e+04 4.424396e+00
1.091760e+04 4.631751e+00
1.109420e+04 4.847381e+00
1.127360e+04 5.071353e+00
1.145590e+04 5.303752e+00
1.164120e+04 5.544634e+00
1.182950e+04 5.793975e+00
1.202080e+04 6.051693e+00
1.221530e+04 6.317798e+00
1.241280e+04 6.592024e+00
1.261360e+04 6.874334e+00
1.281760e+04 7.164426e+00
1.302500e+04 7.462108e+00
1.323560e+04 7.766924e+00
1.344970e+04 8.078627e+00
1.366720e+04 8.396744e+00
1.388830e+04 8.720849e+00
1.411290e+04 9.050375e+00
1.434120e+04 9.384821e+00
1.457310e+04 9.723505e+00
1.480890e+04 1.006592e+01
1.504840e+04 1.041125e+01
1.529180e+04 1.075890e+01
1.553910e+04 1.110809e+01
1.579040e+04 1.145813e+01
1.604580e+04 1.180830e+01
1.630540e+04 1.215791e+01
1.656910e+04 1.250610e+01
1.673300e+04 1.272464e+01
1.673320e+04 5.484673e+00
1.683710e+04 5.577947e+00
1.710940e+04 5.827150e+00
1.738610e+04 6.087502e+00
1.766740e+04 6.359493e+00
1.795310e+04 6.643596e+00
1.824350e+04 6.940427e+00
1.853860e+04 7.250503e+00
1.883840e+04 7.574410e+00
1.914310e+04 7.912798e+00
1.945270e+04 8.266284e+00
1.976740e+04 8.635593e+00
2.008710e+04 9.021356e+00
2.031360e+04 9.301145e+00
2.031380e+04 6.582850e+00
2.041200e+04 6.662299e+00
2.074210e+04 6.933685e+00
2.107760e+04 7.216213e+00
2.110450e+04 7.239160e+00
2.110470e+04 6.438463e+00
2.141850e+04 6.669242e+00
2.176500e+04 6.929471e+00
2.211700e+04 7.201425e+00
2.247470e+04 7.485610e+00
2.283820e+04 7.782653e+00
2.320760e+04 8.093137e+00
2.358300e+04 8.417574e+00
2.396440e+04 8.756635e+00
2.435200e+04 9.110981e+00
2.474590e+04 9.481303e+00
2.514620e+04 9.868336e+00
2.555290e+04 1.027278e+01
2.596620e+04 1.069545e+01
2.638610e+04 1.113716e+01
2.681290e+04 1.159882e+01
2.724660e+04 1.208129e+01
2.768730e+04 1.258553e+01
2.813510e+04 1.311250e+01
2.859020e+04 1.366325e+01
2.905260e+04 1.423884e+01
2.952250e+04 1.484043e+01
3.000000e+04 1.546916e+01
