# material=Pd density=12.023
# Photon Energy [eV]  Attenuation Length [um]
1.000000e+01 1.828161e-02
1.016170e+01 1.767225e-02
1.032610e+01 1.708330e-02
1.049310e+01 1.651391e-02
1.066280e+01 1.596355e-02
1.083530e+01 1.543155e-02
1.101060e+01 1.497153e-02
1.118860e+01 1.457495e-02
1.136960e+01 1.418904e-02
1.155350e+01 1.381323e-02
1.174040e+01 1.344745e-02
1.193030e+01 1.309138e-02
1.212320e+01 1.274458e-02
1.231930e+01 1.240164e-02
1.251860e+01 1.205571e-02
1.272100e+01 1.171923e-02
1.292680e+01 1.139231e-02
1.313590e+01 1.107450e-02
1.334830e+01 1.076547e-02
1.356420e+01 1.046511e-02
1.378360e+01 1.019866e-02
1.400660e+01 9.949825e-03
1.423310e+01 9.706980e-03
1.446330e+01 9.470094e-03
1.469730e+01 9.239025e-03
1.493500e+01 9.013536e-03
1.517650e+01 8.824564e-03
1.542200e+01 8.678634e-03
1.567140e+01 8.535062e-03
1.592490e+01 8.393892e-03
1.618250e+01 8.255065e-03
1.644420e+01 8.118512e-03
1.671020e+01 7.984236e-03
1.698050e+01 7.852172e-03
1.725510e+01 7.737869e-03
1.753420e+01 7.632741e-03
1.781780e+01 7.529035e-03
1.810600e+01 7.426755e-03
1.839890e+01 7.325868e-03
1.869640e+01 7.226295e-03
1.899880e+01 7.128120e-03
1.930610e+01 7.059228e-03
1.961840e+01 7.006868e-03
1.993570e+01 6.954878e-03
2.025820e+01 6.903305e-03
2.058580e+01 6.852072e-03
2.091880e+01 6.801260e-03
2.125710e+01 6.750787e-03
2.160090e+01 6.713455e-03
2.195030e+01 6.683459e-03
2.230530e+01 6.653572e-03
2.266610e+01 6.623855e-03
2.303270e+01 6.594244e-03
2.340530e+01 6.564790e-03
2.378380e+01 6.535440e-03
2.416850e+01 6.511429e-03
2.455940e+01 6.504957e-03
2.495660e+01 6.498489e-03
2.536030e+01 6.492044e-03
2.577050e+01 6.485602e-03
2.618730e+01 6.479147e-03
2.661090e+01 6.472720e-03
2.704130e+01 6.479546e-03
2.747860e+01 6.506651e-03
2.792310e+01 6.533893e-03
2.837470e+01 6.561233e-03
2.883370e+01 6.588703e-03
2.930000e+01 6.616265e-03
2.977390e+01 6.648816e-03
3.025550e+01 6.691799e-03
3.074490e+01 6.735059e-03
3.124210e+01 6.778578e-03
3.174750e+01 6.822407e-03
3.226090e+01 6.866484e-03
3.278270e+01 6.910861e-03
3.331300e+01 6.948702e-03
3.385180e+01 6.979146e-03
3.439930e+01 7.009782e-03
3.495570e+01 7.040497e-03
3.552110e+01 7.071362e-03
3.609560e+01 7.102380e-03
3.667940e+01 7.133505e-03
3.727270e+01 7.157239e-03
3.787550e+01 7.160943e-03
3.848820e+01 7.164729e-03
3.911070e+01 7.168447e-03
3.974320e+01 7.172134e-03
4.038610e+01 7.175921e-03
4.103930e+01 7.179662e-03
4.170310e+01 7.183352e-03
4.237760e+01 7.187122e-03
4.306300e+01 7.190885e-03
4.375950e+01 7.194615e-03
4.446730e+01 7.232241e-03
4.518650e+01 7.277133e-03
4.591740e+01 7.322298e-03
4.666000e+01 7.367769e-03
4.741470e+01 7.413478e-03
4.818160e+01 7.459529e-03
4.896090e+01 7.505820e-03
4.975280e+01 7.552417e-03
5.055760e+01 7.599341e-03
5.137530e+01 7.646517e-03
5.220620e+01 7.680729e-03
5.305060e+01 7.705151e-03
5.390870e+01 7.729655e-03
5.478060e+01 7.754190e-03
5.566670e+01 7.778849e-03
5.656700e+01 7.803565e-03
5.748200e+01 7.841744e-03
5.841170e+01 7.886431e-03
5.935640e+01 7.931353e-03
6.031650e+01 7.976543e-03
6.129210e+01 8.021991e-03
6.228340e+01 8.067700e-03
6.329080e+01 8.113700e-03
6.431450e+01 8.159944e-03
6.535470e+01 8.273605e-03
6.641180e+01 8.397574e-03
6.748590e+01 8.523348e-03
6.857750e+01 8.650982e-03
6.968670e+01 8.794282e-03
7.081380e+01 9.025869e-03
7.195910e+01 9.263569e-03
7.312300e+01 9.507550e-03
7.430570e+01 9.757954e-03
7.550760e+01 1.011548e-02
7.672890e+01 1.049110e-02
7.796990e+01 1.088067e-02
7.923100e+01 1.128478e-02
8.051250e+01 1.187680e-02
8.181470e+01 1.279976e-02
8.313800e+01 1.386620e-02
8.448270e+01 1.505998e-02
8.584910e+01 1.635649e-02
8.723770e+01 1.776463e-02
8.864870e+01 1.929409e-02
9.008250e+01 2.095521e-02
9.153950e+01 2.275929e-02
9.302010e+01 2.471875e-02
9.452460e+01 2.697655e-02
9.605350e+01 2.963203e-02
9.760710e+01 3.254900e-02
9.918580e+01 3.575300e-02
1.007900e+02 3.927250e-02
1.024200e+02 4.313824e-02
1.040770e+02 4.738495e-02
1.057600e+02 5.204922e-02
1.074710e+02 5.717307e-02
1.092090e+02 6.430710e-02
1.109750e+02 7.273614e-02
1.127700e+02 8.227079e-02
1.145940e+02 9.277745e-02
1.164480e+02 1.030017e-01
1.183310e+02 1.143514e-01
1.202450e+02 1.269526e-01
1.221900e+02 1.409426e-01
1.241660e+02 1.533545e-01
1.261750e+02 1.656869e-01
1.282150e+02 1.778628e-01
1.302890e+02 1.873105e-01
1.323970e+02 1.943527e-01
1.345380e+02 1.988962e-01
1.367140e+02 1.987865e-01
1.389250e+02 1.977327e-01
1.411720e+02 1.947338e-01
1.434560e+02 1.881387e-01
1.457760e+02 1.817649e-01
1.481340e+02 1.757011e-01
1.505300e+02 1.698495e-01
1.529640e+02 1.641908e-01
1.554390e+02 1.593671e-01
1.579530e+02 1.547834e-01
1.605070e+02 1.503303e-01
1.631030e+02 1.460057e-01
1.657420e+02 1.418069e-01
1.684220e+02 1.391759e-01
1.711460e+02 1.376944e-01
1.739150e+02 1.362299e-01
1.767270e+02 1.347791e-01
1.795860e+02 1.333451e-01
1.824910e+02 1.319265e-01
1.854420e+02 1.306684e-01
1.884420e+02 1.295576e-01
1.914890e+02 1.284552e-01
1.945870e+02 1.273632e-01
1.977340e+02 1.262798e-01
2.009320e+02 1.252054e-01
2.041820e+02 1.241407e-01
2.074850e+02 1.236576e-01
2.108400e+02 1.234325e-01
2.142510e+02 1.232094e-01
2.177160e+02 1.229855e-01
2.212370e+02 1.227620e-01
2.248160e+02 1.225395e-01
2.284520e+02 1.223172e-01
2.321470e+02 1.223601e-01
2.359020e+02 1.230825e-01
2.397170e+02 1.238087e-01
2.435950e+02 1.245573e-01
2.475350e+02 1.253238e-01
2.515380e+02 1.260949e-01
2.556070e+02 1.270849e-01
2.597410e+02 1.289784e-01
2.639420e+02 1.309004e-01
2.682110e+02 1.328506e-01
2.725490e+02 1.353569e-01
2.769570e+02 1.380255e-01
2.814370e+02 1.407467e-01
2.859890e+02 1.434645e-01
2.906150e+02 1.461259e-01
2.953150e+02 1.488368e-01
3.000920e+02 1.514047e-01
3.049450e+02 1.537164e-01
3.098780e+02 1.560642e-01
3.148900e+02 1.559941e-01
3.199830e+02 1.555120e-01
3.251580e+02 1.547487e-01
3.304180e+02 1.514154e-01
3.357620e+02 1.481533e-01
3.411920e+02 1.443703e-01
3.467110e+02 1.401948e-01
3.523190e+02 1.274909e-01
3.580170e+02 1.112974e-01
3.638080e+02 9.469363e-02
3.696920e+02 7.865387e-02
3.756720e+02 6.620246e-02
3.817480e+02 5.906179e-02
3.879220e+02 5.307383e-02
3.941970e+02 4.959134e-02
4.005730e+02 4.633680e-02
4.070520e+02 4.494386e-02
4.136350e+02 4.374310e-02
4.203260e+02 4.342052e-02
4.271240e+02 4.310041e-02
4.340320e+02 4.279901e-02
4.410520e+02 4.265029e-02
4.481860e+02 4.250211e-02
4.554350e+02 4.235452e-02
4.628020e+02 4.220736e-02
4.702870e+02 4.211056e-02
4.778940e+02 4.228446e-02
4.856230e+02 4.245878e-02
4.934780e+02 4.263394e-02
5.014590e+02 4.280968e-02
5.095700e+02 4.299054e-02
5.178120e+02 4.323262e-02
5.261870e+02 4.347610e-02
5.346980e+02 4.372095e-02
5.433460e+02 4.396729e-02
5.521340e+02 4.444945e-02
5.610650e+02 4.513631e-02
5.701390e+02 4.583368e-02
5.793610e+02 4.654196e-02
5.887320e+02 4.726119e-02
5.982540e+02 4.823045e-02
6.079300e+02 4.934031e-02
6.177630e+02 5.047569e-02
6.277550e+02 5.163711e-02
6.379080e+02 5.282531e-02
6.482260e+02 5.388360e-02
6.587110e+02 5.494625e-02
6.693650e+02 5.602959e-02
6.801910e+02 5.727379e-02
6.911930e+02 5.873461e-02
7.023720e+02 6.023253e-02
7.137330e+02 6.176863e-02
7.252770e+02 6.370364e-02
7.370080e+02 6.581992e-02
7.489280e+02 6.800620e-02
7.610420e+02 7.026555e-02
7.733510e+02 7.247503e-02
7.858590e+02 7.482333e-02
7.985700e+02 7.737498e-02
8.114860e+02 8.002011e-02
8.246110e+02 8.275365e-02
8.379490e+02 8.557919e-02
8.515020e+02 8.850957e-02
8.652740e+02 9.154803e-02
8.792690e+02 9.469923e-02
8.934910e+02 9.795788e-02
9.079430e+02 1.013296e-01
9.226280e+02 1.048171e-01
9.375510e+02 1.084673e-01
9.527150e+02 1.122555e-01
9.681240e+02 1.161856e-01
9.837830e+02 1.202535e-01
9.996950e+02 1.244882e-01
1.015860e+03 1.288972e-01
1.032290e+03 1.337024e-01
1.048990e+03 1.387209e-01
1.065960e+03 1.439636e-01
1.083200e+03 1.494048e-01
1.100720e+03 1.550524e-01
1.118520e+03 1.609134e-01
1.136610e+03 1.669925e-01
1.155000e+03 1.733041e-01
1.173680e+03 1.798532e-01
1.192660e+03 1.866506e-01
1.211950e+03 1.937048e-01
1.231550e+03 2.010274e-01
1.251470e+03 2.086209e-01
1.271720e+03 2.164953e-01
1.292290e+03 2.246609e-01
1.313190e+03 2.331325e-01
1.334430e+03 2.419200e-01
1.356010e+03 2.510402e-01
1.377940e+03 2.605089e-01
1.400230e+03 2.703333e-01
1.422880e+03 2.805278e-01
1.445890e+03 2.911081e-01
1.469280e+03 3.020949e-01
1.493040e+03 3.135043e-01
1.517190e+03 3.253787e-01
1.541730e+03 3.377080e-01
1.566670e+03 3.505046e-01
1.592010e+03 3.637906e-01
1.617760e+03 3.775812e-01
1.643920e+03 3.918923e-01
1.670510e+03 4.067429e-01
1.697530e+03 4.221540e-01
1.724990e+03 4.381455e-01
1.752890e+03 4.551279e-01
1.781240e+03 4.729081e-01
1.810050e+03 4.914970e-01
1.839320e+03 5.108012e-01
1.869070e+03 5.308618e-01
1.899300e+03 5.517061e-01
1.930020e+03 5.733803e-01
1.961240e+03 5.959087e-01
1.992960e+03 6.193190e-01
2.025200e+03 6.432784e-01
2.057950e+03 6.689890e-01
2.091240e+03 6.959174e-01
2.125060e+03 7.240038e-01
2.159430e+03 7.532956e-01
2.194360e+03 7.839434e-01
2.229850e+03 8.160144e-01
2.265920e+03 8.495094e-01
2.302570e+03 8.845283e-01
2.339810e+03 9.211614e-01
2.377660e+03 9.595057e-01
2.416110e+03 9.996198e-01
2.455190e+03 1.041613e+00
2.494900e+03 1.085589e+00
2.535260e+03 1.131673e+00
2.576260e+03 1.179955e+00
2.617930e+03 1.230558e+00
2.660270e+03 1.283614e+00
2.703300e+03 1.339298e+00
2.747030e+03 1.397737e+00
2.791460e+03 1.459079e+00
2.836610e+03 1.523482e+00
2.882490e+03 1.591181e+00
2.929110e+03 1.662374e+00
2.976480e+03 1.737194e+00
3.024630e+03 1.815945e+00
3.073550e+03 1.898843e+00
3.123260e+03 1.986192e+00
3.173200e+03 2.076498e+00
3.173400e+03 6.076039e-01
3.173780e+03 6.077873e-01
3.225110e+03 6.329631e-01
3.277270e+03 6.591978e-01
3.330200e+03 6.864651e-01
3.330400e+03 4.982834e-01
3.384150e+03 5.186809e-01
3.438880e+03 5.399584e-01
3.494500e+03 5.621232e-01
3.551020e+03 5.851727e-01
3.604200e+03 6.073738e-01
3.604400e+03 5.384473e-01
3.608460e+03 5.398513e-01
3.666820e+03 5.602986e-01
3.726130e+03 5.815838e-01
3.786400e+03 6.039010e-01
3.847640e+03 6.272128e-01
3.909870e+03 6.515767e-01
3.973110e+03 6.770326e-01
4.037380e+03 7.036549e-01
4.102680e+03 7.315097e-01
4.169030e+03 7.606323e-01
4.236460e+03 7.910629e-01
4.304980e+03 8.228195e-01
4.374620e+03 8.561226e-01
4.445370e+03 8.908978e-01
4.517270e+03 9.272343e-01
4.590330e+03 9.652230e-01
4.664580e+03 1.004965e+00
4.740030e+03 1.046510e+00
4.816690e+03 1.089920e+00
4.894600e+03 1.135310e+00
4.973770e+03 1.182784e+00
5.054210e+03 1.232408e+00
5.135960e+03 1.284297e+00
5.219030e+03 1.338536e+00
5.303440e+03 1.395280e+00
5.389220e+03 1.454585e+00
5.476390e+03 1.516598e+00
5.564970e+03 1.581438e+00
5.654980e+03 1.649249e+00
5.746440e+03 1.720182e+00
5.839390e+03 1.794334e+00
5.933830e+03 1.871889e+00
6.029810e+03 1.952966e+00
6.127330e+03 2.037757e+00
6.226440e+03 2.126478e+00
6.327150e+03 2.219202e+00
6.429480e+03 2.316221e+00
6.533480e+03 2.417689e+00
6.639150e+03 2.523805e+00
6.746540e+03 2.634771e+00
6.855650e+03 2.750789e+00
6.966540e+03 2.872229e+00
7.079220e+03 2.999230e+00
7.193720e+03 3.132033e+00
7.310070e+03 3.271011e+00
7.428310e+03 3.416297e+00
7.548450e+03 3.568332e+00
7.670540e+03 3.727235e+00
7.794610e+03 3.893522e+00
7.920680e+03 4.067559e+00
8.048790e+03 4.249462e+00
8.178980e+03 4.439845e+00
8.311260e+03 4.638897e+00
8.445690e+03 4.847205e+00
8.582290e+03 5.064990e+00
8.721110e+03 5.292942e+00
8.862160e+03 5.531329e+00
9.005500e+03 5.780924e+00
9.151160e+03 6.041603e+00
9.299170e+03 6.314501e+00
9.449580e+03 6.599865e+00
9.602420e+03 6.898707e+00
9.757730e+03 7.210965e+00
9.915550e+03 7.537649e+00
1.007590e+04 7.879409e+00
1.023890e+04 8.236944e+00
1.040450e+04 8.610905e+00
1.057280e+04 9.002095e+00
1.074380e+04 9.411271e+00
1.091760e+04 9.839279e+00
1.109420e+04 1.028695e+01
1.127360e+04 1.075511e+01
1.145590e+04 1.124482e+01
1.164120e+04 1.175705e+01
1.182950e+04 1.229280e+01
1.202080e+04 1.285309e+01
1.221530e+04 1.343918e+01
1.241280e+04 1.405195e+01
1.261360e+04 1.469292e+01
1.281760e+04 1.536308e+01
1.302500e+04 1.606414e+01
1.323560e+04 1.679701e+01
1.344970e+04 1.756347e+01
1.366720e+04 1.836489e+01
1.388830e+04 1.920297e+01
1.411290e+04 2.007909e+01
1.434120e+04 2.099523e+01
1.457310e+04 2.195291e+01
1.480890e+04 2.295434e+01
1.504840e+04 2.400101e+01
1.529180e+04 2.509516e+01
1.553910e+04 2.623900e+01
1.579040e+04 2.743461e+01
1.604580e+04 2.868414e+01
1.630540e+04 2.999058e+01
1.656910e+04 3.135545e+01
1.683710e+04 3.278191e+01
1.710940e+04 3.427267e+01
1.738610e+04 3.583011e+01
1.766740e+04 3.745785e+01
1.795310e+04 3.915819e+01
1.824350e+04 4.093477e+01
1.853860e+04 4.279065e+01
1.883840e+04 4.472915e+01
1.914310e+04 4.675407e+01
1.945270e+04 4.886886e+01
1.976740e+04 5.107778e+01
2.008710e+04 5.338417e+01
2.041200e+04 5.579261e+01
2.074210e+04 5.830714e+01
2.107760e+04 6.093260e+01
2.141850e+04 6.367318e+01
2.176500e+04 6.653428e+01
2.211700e+04 6.952016e+01
2.247470e+04 7.263630e+01
2.283820e+04 7.588823e+01
2.320760e+04 7.928140e+01
2.358300e+04 8.282171e+01
2.396440e+04 8.651476e+01
2.435020e+04 9.035464e+01
2.435040e+04 1.418276e+01
2.435200e+04 1.418514e+01
2.474590e+04 1.477267e+01
2.514620e+04 1.538712e+01
2.555290e+04 1.602964e+01
2.596620e+04 1.670158e+01
2.638610e+04 1.740434e+01
2.681290e+04 1.813932e+01
2.724660e+04 1.890803e+01
2.768730e+04 1.971208e+01
2.813510e+04 2.055305e+01
2.859020e+04 2.143275e+01
2.905260e+04 2.235281e+01
2.952250e+04 2.331533e+01
3.000000e+04 2.432217e+01
