# material=Pr density=6.64
# Photon Energy [eV]  Attenuation Length [um]
1.000000e+01 3.992070e-02
1.016170e+01 4.084754e-02
1.032610e+01 4.179623e-02
1.049310e+01 4.276704e-02
1.066280e+01 4.376038e-02
1.083530e+01 4.477660e-02
1.101060e+01 4.581677e-02
1.118860e+01 4.688046e-02
1.136960e+01 4.796926e-02
1.155350e+01 4.908352e-02
1.174040e+01 5.022363e-02
1.193030e+01 5.141281e-02
1.212320e+01 5.269575e-02
1.231930e+01 5.401088e-02
1.251860e+01 5.535872e-02
1.272100e+01 5.673985e-02
1.292680e+01 5.815621e-02
1.313590e+01 5.997493e-02
1.334830e+01 6.192299e-02
1.356420e+01 6.393437e-02
1.378360e+01 6.601120e-02
1.400660e+01 6.955759e-02
1.423310e+01 7.207111e-02
1.446330e+01 7.467542e-02
1.469730e+01 7.737413e-02
1.493500e+01 8.055340e-02
1.517650e+01 8.407870e-02
1.542200e+01 8.775857e-02
1.567140e+01 9.159930e-02
1.592490e+01 9.560845e-02
1.618250e+01 9.979318e-02
1.644420e+01 1.040165e-01
1.671020e+01 1.082959e-01
1.698050e+01 1.127512e-01
1.725510e+01 1.173893e-01
1.753420e+01 1.222188e-01
1.781780e+01 1.272468e-01
1.810600e+01 1.324817e-01
1.839890e+01 1.379322e-01
1.869640e+01 1.428598e-01
1.899880e+01 1.476733e-01
1.930610e+01 1.525402e-01
1.961840e+01 1.521135e-01
1.993570e+01 1.478564e-01
2.025820e+01 1.281777e-01
2.058580e+01 9.176751e-02
2.091880e+01 7.302433e-02
2.125710e+01 6.363140e-02
2.160090e+01 6.074137e-02
2.195030e+01 6.205606e-02
2.230530e+01 6.288553e-02
2.266610e+01 6.168166e-02
2.303270e+01 5.735466e-02
2.340530e+01 5.085460e-02
2.378380e+01 4.258024e-02
2.416850e+01 2.851786e-02
2.455940e+01 1.014977e-02
2.495660e+01 8.899805e-03
2.536030e+01 8.514580e-03
2.577050e+01 8.442701e-03
2.618730e+01 8.385268e-03
2.661090e+01 8.389019e-03
2.704130e+01 8.517727e-03
2.747860e+01 8.676988e-03
2.792310e+01 8.839322e-03
2.837470e+01 9.004607e-03
2.883370e+01 9.173013e-03
2.930000e+01 9.622571e-03
2.977390e+01 1.010031e-02
3.025550e+01 1.060180e-02
3.074490e+01 1.112813e-02
3.124210e+01 1.168057e-02
3.174750e+01 1.230475e-02
3.226090e+01 1.297109e-02
3.278270e+01 1.367342e-02
3.331300e+01 1.441390e-02
3.385180e+01 1.519444e-02
3.439930e+01 1.601712e-02
3.495570e+01 1.688450e-02
3.552110e+01 1.779878e-02
3.609560e+01 1.876258e-02
3.667940e+01 1.977857e-02
3.727270e+01 2.084960e-02
3.787550e+01 2.197858e-02
3.848820e+01 2.316878e-02
3.911070e+01 2.442331e-02
3.974320e+01 2.574582e-02
4.038610e+01 2.714000e-02
4.103930e+01 2.855312e-02
4.170310e+01 3.002080e-02
4.237760e+01 3.156387e-02
4.306300e+01 3.318627e-02
4.375950e+01 3.489202e-02
4.446730e+01 3.668556e-02
4.518650e+01 3.857119e-02
4.591740e+01 4.055381e-02
4.666000e+01 4.263817e-02
4.741470e+01 4.475916e-02
4.818160e+01 4.672879e-02
4.896090e+01 4.878505e-02
4.975280e+01 5.093195e-02
5.055760e+01 5.317328e-02
5.137530e+01 5.551312e-02
5.220620e+01 5.795599e-02
5.305060e+01 6.050626e-02
5.390870e+01 6.316890e-02
5.478060e+01 6.530434e-02
5.566670e+01 6.738830e-02
5.656700e+01 6.953867e-02
5.748200e+01 7.175780e-02
5.841170e+01 7.404752e-02
5.935640e+01 7.641043e-02
6.031650e+01 7.884881e-02
6.129210e+01 8.151347e-02
6.228340e+01 8.432803e-02
6.329080e+01 8.723949e-02
6.431450e+01 9.025177e-02
6.535470e+01 9.336777e-02
6.641180e+01 9.588876e-02
6.748590e+01 9.838209e-02
6.857750e+01 1.009402e-01
6.968670e+01 1.035649e-01
7.081380e+01 1.062576e-01
7.195910e+01 1.090207e-01
7.312300e+01 1.112607e-01
7.430570e+01 1.131791e-01
7.550760e+01 1.151308e-01
7.672890e+01 1.171162e-01
7.796990e+01 1.191355e-01
7.923100e+01 1.211899e-01
8.051250e+01 1.232798e-01
8.181470e+01 1.254054e-01
8.313800e+01 1.281278e-01
8.448270e+01 1.313226e-01
8.584910e+01 1.345967e-01
8.723770e+01 1.379527e-01
8.864870e+01 1.413926e-01
9.008250e+01 1.446623e-01
9.153950e+01 1.472112e-01
9.302010e+01 1.498053e-01
9.452460e+01 1.524449e-01
9.605350e+01 1.551309e-01
9.760710e+01 1.578640e-01
9.918580e+01 1.606455e-01
1.007900e+02 1.634763e-01
1.024200e+02 1.663561e-01
1.040770e+02 1.692879e-01
1.057600e+02 1.717855e-01
1.074710e+02 1.685081e-01
1.092090e+02 7.208381e-02
1.109750e+02 7.545792e-02
1.127700e+02 8.011760e-02
1.145940e+02 6.863971e-02
1.164480e+02 5.842538e-02
1.183310e+02 4.922957e-02
1.202450e+02 2.764779e-02
1.221900e+02 1.396907e-02
1.241660e+02 8.058746e-03
1.261750e+02 8.185428e-03
1.282150e+02 9.623806e-03
1.302890e+02 1.160632e-02
1.323970e+02 1.324930e-02
1.345380e+02 1.512480e-02
1.367140e+02 1.692865e-02
1.389250e+02 1.883800e-02
1.411720e+02 2.096261e-02
1.434560e+02 2.332704e-02
1.457760e+02 2.576367e-02
1.481340e+02 2.843743e-02
1.505300e+02 3.138871e-02
1.529640e+02 3.467629e-02
1.554390e+02 3.939452e-02
1.579530e+02 4.475426e-02
1.605070e+02 5.077368e-02
1.631030e+02 5.683369e-02
1.657420e+02 6.361764e-02
1.684220e+02 7.118843e-02
1.711460e+02 7.914012e-02
1.739150e+02 8.797997e-02
1.767270e+02 9.780626e-02
1.795860e+02 1.111660e-01
1.824910e+02 1.249980e-01
1.854420e+02 1.373224e-01
1.884420e+02 1.477904e-01
1.914890e+02 1.586641e-01
1.945870e+02 1.712979e-01
1.977340e+02 1.855216e-01
2.009320e+02 2.009269e-01
2.041820e+02 2.106133e-01
2.074850e+02 2.156084e-01
2.108400e+02 2.207207e-01
2.142510e+02 2.259558e-01
2.177160e+02 2.266467e-01
2.212370e+02 2.257810e-01
2.248160e+02 2.249174e-01
2.284520e+02 2.236058e-01
2.321470e+02 2.223015e-01
2.359020e+02 2.210058e-01
2.397170e+02 2.197164e-01
2.435950e+02 2.184361e-01
2.475350e+02 2.171624e-01
2.515380e+02 2.158953e-01
2.556070e+02 2.146370e-01
2.597410e+02 2.133852e-01
2.639420e+02 2.121409e-01
2.682110e+02 2.107570e-01
2.725490e+02 2.091547e-01
2.769570e+02 2.075642e-01
2.814370e+02 2.059865e-01
2.859890e+02 2.044208e-01
2.906150e+02 2.028569e-01
2.953150e+02 2.002905e-01
3.000920e+02 1.977569e-01
3.049450e+02 1.952550e-01
3.098780e+02 1.927857e-01
3.148900e+02 1.903467e-01
3.199830e+02 1.890903e-01
3.251580e+02 1.883877e-01
3.304180e+02 1.876886e-01
3.357620e+02 1.869911e-01
3.411920e+02 1.862961e-01
3.467110e+02 1.877875e-01
3.523190e+02 1.893647e-01
3.580170e+02 1.909550e-01
3.638080e+02 1.925588e-01
3.696920e+02 1.941763e-01
3.756720e+02 1.958072e-01
3.817480e+02 1.976449e-01
3.879220e+02 1.999834e-01
3.941970e+02 2.023504e-01
4.005730e+02 2.047449e-01
4.070520e+02 2.071679e-01
4.136350e+02 2.096190e-01
4.203260e+02 2.120999e-01
4.271240e+02 2.146103e-01
4.340320e+02 2.186826e-01
4.410520e+02 2.228568e-01
4.481860e+02 2.271100e-01
4.554350e+02 2.314445e-01
4.628020e+02 2.358618e-01
4.702870e+02 2.403629e-01
4.778940e+02 2.449504e-01
4.856230e+02 2.496250e-01
4.934780e+02 2.543895e-01
5.014590e+02 2.592503e-01
5.095700e+02 2.642042e-01
5.178120e+02 2.692529e-01
5.261870e+02 2.743980e-01
5.346980e+02 2.796411e-01
5.433460e+02 2.849846e-01
5.521340e+02 2.904300e-01
5.610650e+02 2.959799e-01
5.701390e+02 3.030901e-01
5.793610e+02 3.123675e-01
5.887320e+02 3.219284e-01
5.982540e+02 3.317818e-01
6.079300e+02 3.419367e-01
6.177630e+02 3.524028e-01
6.277550e+02 3.631893e-01
6.379080e+02 3.736718e-01
6.482260e+02 3.842926e-01
6.587110e+02 3.952149e-01
6.693650e+02 4.064476e-01
6.801910e+02 4.179989e-01
6.911930e+02 4.298796e-01
7.023720e+02 4.420969e-01
7.137330e+02 4.546623e-01
7.252770e+02 4.700804e-01
7.370080e+02 4.870482e-01
7.489280e+02 5.046277e-01
7.610420e+02 5.228427e-01
7.733510e+02 5.417150e-01
7.858590e+02 5.612679e-01
7.985700e+02 5.815272e-01
8.114860e+02 6.025173e-01
8.246110e+02 6.242652e-01
8.379490e+02 6.467987e-01
8.515020e+02 6.693837e-01
8.652740e+02 6.921399e-01
8.792690e+02 7.156695e-01
8.934910e+02 7.399999e-01
9.079430e+02 7.651575e-01
9.226280e+02 7.911695e-01
9.287000e+02 8.020567e-01
9.289000e+02 1.381376e-01
9.375510e+02 1.399818e-01
9.527150e+02 1.432322e-01
9.681240e+02 1.465581e-01
9.837830e+02 1.499613e-01
9.996950e+02 1.534434e-01
1.015860e+03 1.570060e-01
1.032290e+03 1.606517e-01
1.048990e+03 1.643829e-01
1.065960e+03 1.691973e-01
1.083200e+03 1.756529e-01
1.100720e+03 1.823546e-01
1.118520e+03 1.893124e-01
1.136610e+03 1.965357e-01
1.155000e+03 2.040356e-01
1.173680e+03 2.118209e-01
1.192660e+03 2.199021e-01
1.211950e+03 2.282915e-01
1.231550e+03 2.370011e-01
1.251470e+03 2.443186e-01
1.271720e+03 2.499128e-01
1.292290e+03 2.531826e-01
1.313190e+03 2.564941e-01
1.334430e+03 2.598496e-01
1.356010e+03 2.632508e-01
1.377940e+03 2.666961e-01
1.400230e+03 2.701869e-01
1.422880e+03 2.737217e-01
1.445890e+03 2.773040e-01
1.469280e+03 2.815651e-01
1.493040e+03 2.868748e-01
1.517190e+03 2.889281e-01
1.541730e+03 2.937667e-01
1.566670e+03 3.048058e-01
1.592010e+03 3.162611e-01
1.617760e+03 3.281461e-01
1.643920e+03 3.404792e-01
1.670510e+03 3.532727e-01
1.697530e+03 3.665478e-01
1.724990e+03 3.803249e-01
1.752890e+03 3.948946e-01
1.781240e+03 4.101194e-01
1.810050e+03 4.260109e-01
1.839320e+03 4.425220e-01
1.869070e+03 4.596753e-01
1.899300e+03 4.774863e-01
1.930020e+03 4.959873e-01
1.961240e+03 5.152080e-01
1.992960e+03 5.351798e-01
2.025200e+03 5.556609e-01
2.057950e+03 5.774364e-01
2.091240e+03 6.001438e-01
2.125060e+03 6.237713e-01
2.159430e+03 6.483745e-01
2.194360e+03 6.740113e-01
2.229850e+03 7.007032e-01
2.265920e+03 7.284883e-01
2.302570e+03 7.574178e-01
2.339810e+03 7.875497e-01
2.377660e+03 8.189559e-01
2.416110e+03 8.515974e-01
2.455190e+03 8.856440e-01
2.494900e+03 9.210440e-01
2.535260e+03 9.579422e-01
2.576260e+03 9.963293e-01
2.617930e+03 1.036343e+00
2.660270e+03 1.077947e+00
2.703300e+03 1.121331e+00
2.747030e+03 1.166509e+00
2.791460e+03 1.213528e+00
2.836610e+03 1.262452e+00
2.882490e+03 1.313403e+00
2.929110e+03 1.366487e+00
2.976480e+03 1.421757e+00
3.024630e+03 1.479280e+00
3.073550e+03 1.539196e+00
3.123260e+03 1.601593e+00
3.173780e+03 1.666538e+00
3.225110e+03 1.734159e+00
3.277270e+03 1.804561e+00
3.330280e+03 1.877879e+00
3.384150e+03 1.954230e+00
3.438880e+03 2.033702e+00
3.494500e+03 2.116452e+00
3.551020e+03 2.202616e+00
3.608460e+03 2.292352e+00
3.666820e+03 2.385762e+00
3.726130e+03 2.483051e+00
3.786400e+03 2.584307e+00
3.847640e+03 2.689783e+00
3.909870e+03 2.799615e+00
3.973110e+03 2.913951e+00
4.037380e+03 3.033027e+00
4.102680e+03 3.156947e+00
4.169030e+03 3.286045e+00
4.236460e+03 3.420437e+00
4.304980e+03 3.560419e+00
4.374620e+03 3.706233e+00
4.445370e+03 3.858035e+00
4.517270e+03 4.016077e+00
4.590330e+03 4.180662e+00
4.664580e+03 4.352098e+00
4.740030e+03 4.530632e+00
4.816690e+03 4.716461e+00
4.894600e+03 4.910064e+00
4.973770e+03 5.111780e+00
5.054210e+03 5.321824e+00
5.135960e+03 5.540534e+00
5.219030e+03 5.768400e+00
5.303440e+03 6.005694e+00
5.389220e+03 6.252932e+00
5.476390e+03 6.510345e+00
5.564970e+03 6.778526e+00
5.654980e+03 7.057907e+00
5.746440e+03 7.349083e+00
5.839390e+03 7.652354e+00
5.933830e+03 7.968291e+00
5.964200e+03 8.071490e+00
5.964400e+03 2.749947e+00
6.029810e+03 2.838521e+00
6.127330e+03 2.974015e+00
6.226440e+03 3.116052e+00
6.327150e+03 3.264847e+00
6.429480e+03 3.420733e+00
6.440300e+03 3.437496e+00
6.440500e+03 2.473052e+00
6.533480e+03 2.572553e+00
6.639150e+03 2.688728e+00
6.746540e+03 2.810143e+00
6.834700e+03 2.912416e+00
6.834900e+03 2.575489e+00
6.855650e+03 2.594201e+00
6.966540e+03 2.695630e+00
7.079220e+03 2.801678e+00
7.193720e+03 2.912546e+00
7.310070e+03 3.028362e+00
7.428310e+03 3.149505e+00
7.548450e+03 3.276105e+00
7.670540e+03 3.408471e+00
7.794610e+03 3.546829e+00
7.920680e+03 3.691429e+00
8.048790e+03 3.842650e+00
8.178980e+03 4.000742e+00
8.311260e+03 4.165942e+00
8.445690e+03 4.338577e+00
8.582290e+03 4.519215e+00
8.721110e+03 4.708072e+00
8.862160e+03 4.905367e+00
9.005500e+03 5.111676e+00
9.151160e+03 5.327493e+00
9.299170e+03 5.553095e+00
9.449580e+03 5.788888e+00
9.602420e+03 6.035383e+00
9.757730e+03 6.293291e+00
9.915550e+03 6.562577e+00
1.007590e+04 6.844414e+00
1.023890e+04 7.139147e+00
1.040450e+04 7.447329e+00
1.057280e+04 7.769605e+00
1.074380e+04 8.106577e+00
1.091760e+04 8.459001e+00
1.109420e+04 8.827549e+00
1.127360e+04 9.212906e+00
1.145590e+04 9.615910e+00
1.164120e+04 1.003740e+01
1.182950e+04 1.047824e+01
1.202080e+04 1.093922e+01
1.221530e+04 1.142146e+01
1.241280e+04 1.192568e+01
1.261360e+04 1.245312e+01
1.281760e+04 1.300475e+01
1.302500e+04 1.358180e+01
1.323560e+04 1.418520e+01
1.344970e+04 1.481642e+01
1.366720e+04 1.547656e+01
1.388830e+04 1.616717e+01
1.411290e+04 1.688940e+01
1.434120e+04 1.764495e+01
1.457310e+04 1.843514e+01
1.480890e+04 1.926188e+01
1.504840e+04 2.012646e+01
1.529180e+04 2.103089e+01
1.553910e+04 2.197688e+01
1.579040e+04 2.296640e+01
1.604580e+04 2.400151e+01
1.630540e+04 2.508438e+01
1.656910e+04 2.621689e+01
1.683710e+04 2.740156e+01
1.710940e+04 2.864070e+01
1.738610e+04 2.993694e+01
1.766740e+04 3.129296e+01
1.795310e+04 3.271111e+01
1.824350e+04 3.419462e+01
1.853860e+04 3.574645e+01
1.883840e+04 3.736944e+01
1.914310e+04 3.906710e+01
1.945270e+04 4.084285e+01
1.976740e+04 4.270040e+01
2.008710e+04 4.464296e+01
2.041200e+04 4.667493e+01
2.074210e+04 4.880010e+01
2.107760e+04 5.102290e+01
2.141850e+04 5.334745e+01
2.176500e+04 5.577914e+01
2.211700e+04 5.832204e+01
2.247470e+04 6.098113e+01
2.283820e+04 6.376234e+01
2.320760e+04 6.667095e+01
2.358300e+04 6.971240e+01
2.396440e+04 7.289290e+01
2.435200e+04 7.621876e+01
2.474590e+04 7.969674e+01
2.514620e+04 8.333345e+01
2.555290e+04 8.713601e+01
2.596620e+04 9.111138e+01
2.638610e+04 9.526801e+01
2.681290e+04 9.961396e+01
2.724660e+04 1.041580e+02
2.768730e+04 1.089080e+02
2.813510e+04 1.138732e+02
2.859020e+04 1.190644e+02
2.905260e+04 1.244906e+02
2.952250e+04 1.301616e+02
3.000000e+04 1.360896e+02
