# material=Pt density=21.09
# Photon Energy [eV]  Attenuation Length [um]
1.000000e-01 2.245025e-02
1.300000e-01 2.103380e-02
1.500000e-01 2.144301e-02
1.700000e-01 2.170236e-02
2.000000e-01 2.090631e-02
2.200000e-01 2.121623e-02
2.500000e-01 2.069083e-02
2.800000e-01 2.024852e-02
3.000000e-01 2.064872e-02
3.200000e-01 2.104731e-02
3.500000e-01 2.092835e-02
3.800000e-01 2.112686e-02
4.000000e-01 2.200725e-02
4.300000e-01 2.265799e-02
4.500000e-01 2.395301e-02
4.700000e-01 2.541828e-02
5.000000e-01 2.603200e-02
5.200000e-01 2.607882e-02
5.500000e-01 2.555445e-02
5.700000e-01 2.555258e-02
6.000000e-01 2.477816e-02
6.300000e-01 2.377446e-02
6.500000e-01 2.318131e-02
7.000000e-01 2.098973e-02
7.300000e-01 1.977963e-02
7.700000e-01 1.851242e-02
8.000000e-01 1.781826e-02
8.200000e-01 1.745781e-02
8.800000e-01 1.640861e-02
1.000000e+00 1.515891e-02
1.300000e+00 1.375988e-02
1.400000e+00 1.347345e-02
1.800000e+00 1.258508e-02
1.900000e+00 1.239853e-02
2.200000e+00 1.209944e-02
2.300000e+00 1.188856e-02
2.500000e+00 1.173722e-02
2.900000e+00 1.149642e-02
3.100000e+00 1.139856e-02
3.200000e+00 1.136238e-02
3.400000e+00 1.126548e-02
3.700000e+00 1.120755e-02
3.800000e+00 1.114287e-02
4.000000e+00 1.115028e-02
4.200000e+00 1.116509e-02
4.400000e+00 1.118001e-02
4.600000e+00 1.118760e-02
4.800000e+00 1.130092e-02
5.000000e+00 1.140367e-02
5.200000e+00 1.155599e-02
5.600000e+00 1.163615e-02
5.800000e+00 1.177024e-02
6.000000e+00 1.194671e-02
6.048000e+00 1.185226e-02
6.100000e+00 1.200769e-02
6.199000e+00 1.199103e-02
6.199000e+00 1.208139e-02
6.358000e+00 1.223507e-02
6.702000e+00 1.207565e-02
7.085000e+00 1.151512e-02
7.293000e+00 1.127862e-02
7.514000e+00 1.103724e-02
7.749000e+00 1.061495e-02
7.999000e+00 1.081520e-02
8.266000e+00 1.055675e-02
8.492000e+00 1.027583e-02
8.610000e+00 1.013519e-02
8.731000e+00 9.994497e-03
8.856000e+00 9.853321e-03
8.984000e+00 9.798351e-03
9.537000e+00 9.071082e-03
9.686000e+00 8.855310e-03
9.840000e+00 8.716595e-03
9.999000e+00 8.505434e-03
1.016000e+01 8.370620e-03
1.033000e+01 8.303110e-03
1.069000e+01 8.307536e-03
1.088000e+01 8.309482e-03
1.107000e+01 8.316760e-03
1.127000e+01 8.321962e-03
1.148000e+01 8.325174e-03
1.170000e+01 8.247193e-03
1.192000e+01 8.253788e-03
1.216000e+01 8.170826e-03
1.240000e+01 8.249631e-03
1.265000e+01 8.289508e-03
1.292000e+01 8.245462e-03
1.319000e+01 8.180971e-03
1.378000e+01 7.985215e-03
1.442000e+01 7.741027e-03
1.476000e+01 7.630608e-03
1.590000e+01 7.425227e-03
1.675000e+01 7.333151e-03
1.722000e+01 7.203491e-03
1.771000e+01 6.860036e-03
1.797000e+01 6.671995e-03
1.823000e+01 6.430831e-03
1.851000e+01 6.238761e-03
1.879000e+01 6.041521e-03
1.907000e+01 5.847011e-03
1.937000e+01 5.662104e-03
1.968000e+01 5.518620e-03
2.033000e+01 5.268037e-03
2.066000e+01 5.178355e-03
2.101000e+01 5.108460e-03
2.138000e+01 5.079810e-03
2.175000e+01 5.098233e-03
2.500200e+01 5.368163e-03
2.700200e+01 5.648077e-03
2.900200e+01 5.728974e-03
3.100200e+01 5.544578e-03
3.300300e+01 6.656910e-03
3.520300e+01 7.737297e-03
3.530100e+01 7.751473e-03
3.540200e+01 7.784546e-03
3.550200e+01 7.844570e-03
3.570200e+01 7.919250e-03
3.580200e+01 7.937411e-03
3.600200e+01 8.020523e-03
3.620200e+01 8.071443e-03
3.640300e+01 8.133482e-03
3.650100e+01 8.176671e-03
3.660200e+01 8.188257e-03
3.680200e+01 8.259865e-03
3.690200e+01 8.272401e-03
3.710200e+01 8.336841e-03
3.740100e+01 8.386530e-03
3.786940e+01 8.509494e-03
3.834360e+01 8.631632e-03
3.882380e+01 8.755350e-03
3.900300e+01 8.801568e-03
3.910200e+01 8.812519e-03
3.959170e+01 8.946825e-03
3.960300e+01 8.949931e-03
3.980200e+01 9.022992e-03
4.020400e+01 9.138987e-03
4.070750e+01 9.284249e-03
4.121730e+01 9.431816e-03
4.173350e+01 9.581728e-03
4.225610e+01 9.720333e-03
4.278530e+01 9.851593e-03
4.332110e+01 9.946188e-03
4.386360e+01 1.003911e-02
4.441300e+01 1.012672e-02
4.496920e+01 1.023314e-02
4.553230e+01 1.036499e-02
4.610260e+01 1.055521e-02
4.667990e+01 1.078136e-02
4.726450e+01 1.105235e-02
4.785640e+01 1.133192e-02
4.790200e+01 1.135361e-02
4.810200e+01 1.146174e-02
4.870300e+01 1.168632e-02
4.910700e+01 1.177045e-02
4.940300e+01 1.178832e-02
4.969900e+01 1.174508e-02
5.000200e+01 1.163329e-02
5.030500e+01 1.143741e-02
5.060200e+01 1.117802e-02
5.080400e+01 1.096077e-02
5.110000e+01 1.059715e-02
5.173990e+01 9.787220e-03
5.190100e+01 9.594846e-03
5.220100e+01 9.286142e-03
5.250300e+01 9.027831e-03
5.280400e+01 8.822047e-03
5.310200e+01 8.671994e-03
5.340200e+01 8.556348e-03
5.390700e+01 8.426468e-03
5.450300e+01 8.338136e-03
5.500200e+01 8.299930e-03
5.569080e+01 8.287694e-03
5.638820e+01 8.284911e-03
5.709440e+01 8.295739e-03
5.780940e+01 8.306562e-03
5.853340e+01 8.347841e-03
5.880300e+01 8.364799e-03
5.950100e+01 8.457304e-03
6.024620e+01 8.603278e-03
6.100060e+01 8.802387e-03
6.176460e+01 9.031743e-03
6.253810e+01 9.290456e-03
6.332130e+01 9.556512e-03
6.410300e+01 9.826350e-03
6.480000e+01 1.002915e-02
6.551000e+01 1.017752e-02
6.610800e+01 1.026273e-02
6.693590e+01 1.029039e-02
6.777420e+01 1.030382e-02
6.789900e+01 1.030554e-02
6.839800e+01 1.035304e-02
6.890500e+01 1.046155e-02
6.919600e+01 1.056932e-02
6.960400e+01 1.074219e-02
6.990300e+01 1.094096e-02
7.020300e+01 1.122808e-02
7.040200e+01 1.150346e-02
7.050400e+01 1.166564e-02
7.060200e+01 1.186348e-02
7.070200e+01 1.202720e-02
7.080400e+01 1.204064e-02
7.090100e+01 1.164812e-02
7.110300e+01 1.010913e-02
7.120200e+01 9.665647e-03
7.130300e+01 9.444655e-03
7.140200e+01 9.362426e-03
7.150200e+01 9.361857e-03
7.160200e+01 9.398967e-03
7.240400e+01 9.927523e-03
7.331070e+01 1.048881e-02
7.340400e+01 1.054788e-02
7.380200e+01 1.089421e-02
7.400100e+01 1.108708e-02
7.410400e+01 1.114467e-02
7.420100e+01 1.111175e-02
7.430200e+01 1.089951e-02
7.440400e+01 1.061070e-02
7.450100e+01 1.040852e-02
7.460400e+01 1.029079e-02
7.470200e+01 1.025367e-02
7.480200e+01 1.027144e-02
7.500200e+01 1.037094e-02
7.570200e+01 1.079406e-02
7.660400e+01 1.129220e-02
7.700400e+01 1.147086e-02
7.760200e+01 1.168057e-02
7.857380e+01 1.208309e-02
7.955780e+01 1.249953e-02
7.990300e+01 1.264769e-02
8.060300e+01 1.288168e-02
8.161240e+01 1.318933e-02
8.220100e+01 1.337026e-02
8.320200e+01 1.376096e-02
8.424400e+01 1.421185e-02
8.529900e+01 1.467728e-02
8.636720e+01 1.516910e-02
8.744880e+01 1.568810e-02
8.840600e+01 1.616375e-02
8.910200e+01 1.662692e-02
9.021790e+01 1.748221e-02
9.130200e+01 1.834447e-02
9.210300e+01 1.899341e-02
9.310300e+01 2.001061e-02
9.420200e+01 2.118535e-02
9.538170e+01 2.229308e-02
9.657620e+01 2.345878e-02
9.778570e+01 2.468536e-02
9.780400e+01 2.470428e-02
9.880300e+01 2.558128e-02
1.000400e+02 2.655751e-02
1.012930e+02 2.770464e-02
1.025620e+02 2.901545e-02
1.036990e+02 3.024873e-02
1.048990e+02 3.186485e-02
1.062130e+02 3.381159e-02
1.070040e+02 3.502874e-02
1.078040e+02 3.621674e-02
1.079510e+02 3.613943e-02
1.093030e+02 3.812659e-02
1.095170e+02 3.844870e-02
1.100230e+02 3.927679e-02
1.105310e+02 3.995865e-02
1.115340e+02 4.157377e-02
1.129310e+02 4.370744e-02
1.140350e+02 4.545144e-02
1.145360e+02 4.615941e-02
1.150350e+02 4.697343e-02
1.160350e+02 4.836429e-02
1.170340e+02 4.953089e-02
1.185000e+02 5.107929e-02
1.199840e+02 5.244377e-02
1.210350e+02 5.341745e-02
1.225370e+02 5.466455e-02
1.240350e+02 5.583022e-02
1.255880e+02 5.679008e-02
1.271610e+02 5.767734e-02
1.287540e+02 5.843944e-02
1.303660e+02 5.907656e-02
1.319990e+02 5.959066e-02
1.336520e+02 6.006048e-02
1.353260e+02 6.053282e-02
1.370200e+02 6.100863e-02
1.387360e+02 6.124693e-02
1.400380e+02 6.134762e-02
1.415380e+02 6.111586e-02
1.433110e+02 6.045265e-02
1.451050e+02 5.951435e-02
1.469220e+02 5.844396e-02
1.487620e+02 5.736042e-02
1.506250e+02 5.642490e-02
1.525120e+02 5.570878e-02
1.544220e+02 5.518643e-02
1.563560e+02 5.476030e-02
1.583140e+02 5.421988e-02
1.602960e+02 5.352430e-02
1.620430e+02 5.279061e-02
1.640420e+02 5.175001e-02
1.660960e+02 5.054772e-02
1.681760e+02 4.926775e-02
1.702830e+02 4.799225e-02
1.724150e+02 4.674935e-02
1.745740e+02 4.553878e-02
1.767610e+02 4.435969e-02
1.780440e+02 4.368827e-02
1.790420e+02 4.317908e-02
1.795460e+02 4.295607e-02
1.798700e+02 4.271614e-02
1.804490e+02 4.244848e-02
1.809930e+02 4.206436e-02
1.815090e+02 4.187855e-02
1.825290e+02 4.133460e-02
1.840400e+02 4.071701e-02
1.850360e+02 4.037733e-02
1.865450e+02 3.969777e-02
1.875420e+02 3.945654e-02
1.885520e+02 3.913084e-02
1.890370e+02 3.891589e-02
1.900440e+02 3.870920e-02
1.905450e+02 3.849557e-02
1.910460e+02 3.847691e-02
1.920440e+02 3.811187e-02
1.925470e+02 3.803827e-02
1.935430e+02 3.778678e-02
1.940460e+02 3.771782e-02
1.964760e+02 3.710224e-02
1.980380e+02 3.671592e-02
1.985520e+02 3.670163e-02
1.990440e+02 3.642532e-02
1.995420e+02 3.625538e-02
2.000490e+02 3.629440e-02
2.005390e+02 3.615324e-02
2.010420e+02 3.611478e-02
2.015530e+02 3.592037e-02
2.020420e+02 3.583350e-02
2.025430e+02 3.589860e-02
2.035420e+02 3.559409e-02
2.045480e+02 3.557277e-02
2.055420e+02 3.542668e-02
2.070520e+02 3.532356e-02
2.075420e+02 3.521339e-02
2.080470e+02 3.530779e-02
2.095540e+02 3.520827e-02
2.105430e+02 3.514557e-02
2.110530e+02 3.501056e-02
2.115420e+02 3.513516e-02
2.120500e+02 3.500031e-02
2.125460e+02 3.496927e-02
2.130520e+02 3.501582e-02
2.140470e+02 3.485362e-02
2.150510e+02 3.479492e-02
2.155470e+02 3.466265e-02
2.170400e+02 3.460427e-02
2.180540e+02 3.434126e-02
2.185430e+02 3.428905e-02
2.195390e+02 3.405760e-02
2.200520e+02 3.400375e-02
2.205390e+02 3.403069e-02
2.210430e+02 3.397704e-02
2.220580e+02 3.367064e-02
2.225460e+02 3.364900e-02
2.230440e+02 3.344731e-02
2.240540e+02 3.329688e-02
2.245430e+02 3.312723e-02
2.255480e+02 3.307637e-02
2.265450e+02 3.288147e-02
2.270500e+02 3.271114e-02
2.275520e+02 3.263928e-02
2.280490e+02 3.249598e-02
2.285480e+02 3.244929e-02
2.290490e+02 3.247386e-02
2.295450e+02 3.221341e-02
2.300420e+02 3.223973e-02
2.305580e+02 3.197668e-02
2.320460e+02 3.191424e-02
2.330490e+02 3.175181e-02
2.335490e+02 3.175381e-02
2.345360e+02 3.155098e-02
2.350550e+02 3.136532e-02
2.360500e+02 3.144235e-02
2.365380e+02 3.135290e-02
2.370450e+02 3.119401e-02
2.375540e+02 3.126604e-02
2.380570e+02 3.113057e-02
2.395390e+02 3.102866e-02
2.400500e+02 3.089531e-02
2.405420e+02 3.089930e-02
2.410570e+02 3.099425e-02
2.415440e+02 3.084093e-02
2.425500e+02 3.071320e-02
2.430380e+02 3.083290e-02
2.440440e+02 3.057061e-02
2.445600e+02 3.071120e-02
2.460560e+02 3.061590e-02
2.465540e+02 3.071507e-02
2.470490e+02 3.060813e-02
2.475460e+02 3.061587e-02
2.480450e+02 3.073898e-02
2.485370e+02 3.056269e-02
2.495410e+02 3.055488e-02
2.500440e+02 3.060999e-02
2.505480e+02 3.045477e-02
2.520450e+02 3.043712e-02
2.525490e+02 3.039995e-02
2.530490e+02 3.047816e-02
2.535610e+02 3.046455e-02
2.545460e+02 3.029904e-02
2.555400e+02 3.029907e-02
2.565610e+02 3.020054e-02
2.570480e+02 3.028349e-02
2.575450e+02 3.015633e-02
2.580450e+02 3.019092e-02
2.600550e+02 2.998103e-02
2.610660e+02 3.012192e-02
2.620540e+02 2.989215e-02
2.625500e+02 2.999807e-02
2.630430e+02 2.989590e-02
2.635540e+02 3.002663e-02
2.640460e+02 2.992233e-02
2.660480e+02 2.990913e-02
2.665600e+02 2.994693e-02
2.675410e+02 2.993185e-02
2.680420e+02 2.994873e-02
2.685510e+02 3.008374e-02
2.690620e+02 3.005124e-02
2.695580e+02 3.011812e-02
2.700010e+02 3.011618e-02
2.705180e+02 3.018135e-02
2.720220e+02 3.023528e-02
2.725230e+02 3.027964e-02
2.730240e+02 3.022363e-02
2.735220e+02 3.029325e-02
2.745240e+02 3.028354e-02
2.770210e+02 3.031060e-02
2.804900e+02 3.026266e-02
2.805220e+02 3.026225e-02
2.810240e+02 3.020833e-02
2.830250e+02 3.032807e-02
2.840250e+02 3.027392e-02
2.845240e+02 3.037660e-02
2.865250e+02 3.032030e-02
2.875240e+02 3.029317e-02
2.880230e+02 3.034748e-02
2.890220e+02 3.021594e-02
2.895240e+02 3.021597e-02
2.900240e+02 3.032228e-02
2.925230e+02 3.019678e-02
2.945250e+02 3.025653e-02
2.950240e+02 3.031261e-02
2.960220e+02 3.031836e-02
2.990250e+02 3.033967e-02
2.995230e+02 3.028940e-02
3.010250e+02 3.030286e-02
3.040250e+02 3.019678e-02
3.050240e+02 3.020823e-02
3.055230e+02 3.010277e-02
3.060230e+02 3.019291e-02
3.085220e+02 3.003039e-02
3.123860e+02 2.987380e-02
3.150280e+02 2.976824e-02
3.165220e+02 2.965472e-02
3.190250e+02 2.958808e-02
3.220270e+02 2.961956e-02
3.260600e+02 2.954692e-02
3.301430e+02 2.952920e-02
3.342780e+02 2.965781e-02
3.365270e+02 2.972729e-02
3.380210e+02 2.984319e-02
3.405240e+02 2.988461e-02
3.447890e+02 2.977393e-02
3.491060e+02 2.974337e-02
3.505280e+02 2.974405e-02
3.515310e+02 2.971606e-02
3.545300e+02 2.977014e-02
3.589700e+02 2.988859e-02
3.610290e+02 2.994310e-02
3.650250e+02 3.017751e-02
3.695960e+02 3.027722e-02
3.742250e+02 3.037726e-02
3.789120e+02 3.049667e-02
3.836570e+02 3.069929e-02
3.855290e+02 3.077895e-02
3.895330e+02 3.096389e-02
3.944110e+02 3.116624e-02
3.993510e+02 3.139555e-02
4.043520e+02 3.175566e-02
4.094160e+02 3.217681e-02
4.145430e+02 3.254148e-02
4.197350e+02 3.285600e-02
4.249910e+02 3.309232e-02
4.303130e+02 3.332094e-02
4.357020e+02 3.354268e-02
4.411590e+02 3.381617e-02
4.466840e+02 3.414324e-02
4.522780e+02 3.448138e-02
4.579420e+02 3.480577e-02
4.636770e+02 3.510317e-02
4.660110e+02 3.522394e-02
4.670120e+02 3.532633e-02
4.680100e+02 3.530523e-02
4.720090e+02 3.559677e-02
4.735190e+02 3.568787e-02
4.740120e+02 3.576328e-02
4.750110e+02 3.580916e-02
4.760140e+02 3.593678e-02
4.780100e+02 3.607347e-02
4.839960e+02 3.669730e-02
4.840110e+02 3.669882e-02
4.894990e+02 3.720283e-02
4.915150e+02 3.734340e-02
4.970090e+02 3.773577e-02
4.990120e+02 3.791981e-02
5.025390e+02 3.807515e-02
5.060310e+02 3.828101e-02
5.085390e+02 3.837407e-02
5.095310e+02 3.838029e-02
5.130380e+02 3.837397e-02
5.155360e+02 3.814251e-02
5.190300e+02 3.745256e-02
5.210280e+02 3.747618e-02
5.235360e+02 3.745545e-02
5.255340e+02 3.724072e-02
5.275240e+02 3.725240e-02
5.300370e+02 3.759217e-02
5.330280e+02 3.816087e-02
5.365300e+02 3.884874e-02
5.405340e+02 3.924751e-02
5.450380e+02 3.959167e-02
5.460340e+02 3.961480e-02
5.505310e+02 3.990813e-02
5.545370e+02 4.032565e-02
5.575280e+02 4.078358e-02
5.585380e+02 4.101634e-02
5.590330e+02 4.122318e-02
5.599940e+02 4.133467e-02
5.605470e+02 4.123758e-02
5.610370e+02 4.155566e-02
5.615280e+02 4.147924e-02
5.620290e+02 4.161764e-02
5.635220e+02 4.176787e-02
5.650360e+02 4.194161e-02
5.655300e+02 4.179734e-02
5.660370e+02 4.204573e-02
5.670300e+02 4.218406e-02
5.675280e+02 4.212787e-02
5.680310e+02 4.224052e-02
5.685460e+02 4.220286e-02
5.700340e+02 4.230460e-02
5.720390e+02 4.256665e-02
5.725370e+02 4.251692e-02
5.750210e+02 4.284351e-02
5.760370e+02 4.280864e-02
5.780290e+02 4.301063e-02
5.785420e+02 4.312412e-02
5.790430e+02 4.308491e-02
5.810350e+02 4.334876e-02
5.815360e+02 4.333304e-02
5.830280e+02 4.355983e-02
5.850430e+02 4.360796e-02
5.860430e+02 4.378926e-02
5.865260e+02 4.375277e-02
5.870370e+02 4.388651e-02
5.875360e+02 4.376900e-02
5.890360e+02 4.400871e-02
5.895420e+02 4.400464e-02
5.900410e+02 4.416034e-02
5.930390e+02 4.433793e-02
5.945370e+02 4.452943e-02
5.950260e+02 4.451692e-02
5.990430e+02 4.484523e-02
5.995210e+02 4.496861e-02
6.000370e+02 4.491750e-02
6.015420e+02 4.507129e-02
6.020380e+02 4.501134e-02
6.025440e+02 4.514421e-02
6.040250e+02 4.526489e-02
6.050260e+02 4.527786e-02
6.060300e+02 4.533848e-02
6.065280e+02 4.531236e-02
6.075370e+02 4.539916e-02
6.125290e+02 4.547753e-02
6.140540e+02 4.556936e-02
6.160300e+02 4.563957e-02
6.175540e+02 4.573198e-02
6.180240e+02 4.583813e-02
6.205330e+02 4.609654e-02
6.255370e+02 4.673724e-02
6.270290e+02 4.684808e-02
6.275380e+02 4.695937e-02
6.310420e+02 4.725424e-02
6.315370e+02 4.735809e-02
6.320330e+02 4.733441e-02
6.399480e+02 4.812854e-02
6.415430e+02 4.828897e-02
6.420340e+02 4.826676e-02
6.500740e+02 4.919541e-02
6.505320e+02 4.924838e-02
6.510210e+02 4.936939e-02
6.590490e+02 5.019899e-02
6.605450e+02 5.030073e-02
6.640370e+02 5.070788e-02
6.645520e+02 5.070247e-02
6.655330e+02 5.086736e-02
6.670410e+02 5.101011e-02
6.680300e+02 5.117743e-02
6.763960e+02 5.211622e-02
6.800500e+02 5.252793e-02
6.825210e+02 5.282702e-02
6.835380e+02 5.290014e-02
6.920980e+02 5.386128e-02
6.935510e+02 5.402485e-02
6.950360e+02 5.421334e-02
6.955510e+02 5.419351e-02
7.040370e+02 5.509254e-02
7.055490e+02 5.518748e-02
7.065350e+02 5.506767e-02
7.075490e+02 5.473450e-02
7.085400e+02 5.495466e-02
7.095280e+02 5.524277e-02
7.130430e+02 5.577623e-02
7.185120e+02 5.628876e-02
7.205330e+02 5.624424e-02
7.250440e+02 5.667304e-02
7.341240e+02 5.721757e-02
7.365390e+02 5.736206e-02
7.400360e+02 5.772317e-02
7.493040e+02 5.891709e-02
7.525610e+02 5.933917e-02
7.570390e+02 5.975935e-02
7.585390e+02 5.996583e-02
7.595540e+02 6.004845e-02
7.600220e+02 6.020324e-02
7.670580e+02 6.107109e-02
7.690480e+02 6.134285e-02
7.760620e+02 6.258314e-02
7.857810e+02 6.394278e-02
7.956220e+02 6.533177e-02
8.055850e+02 6.675106e-02
8.156740e+02 6.820095e-02
8.258890e+02 6.968270e-02
8.362320e+02 7.119647e-02
8.467050e+02 7.279213e-02
8.573080e+02 7.443349e-02
8.680450e+02 7.611214e-02
8.789160e+02 7.782841e-02
8.899230e+02 7.958339e-02
9.010680e+02 8.137826e-02
9.123520e+02 8.321308e-02
9.237780e+02 8.509875e-02
9.353470e+02 8.711146e-02
9.470600e+02 8.917138e-02
9.589210e+02 9.128048e-02
9.709300e+02 9.343925e-02
9.830890e+02 9.564915e-02
9.954010e+02 9.791095e-02
1.007870e+03 1.002268e-01
1.020490e+03 1.026530e-01
1.033270e+03 1.052369e-01
1.046210e+03 1.078865e-01
1.059310e+03 1.106025e-01
1.072580e+03 1.133872e-01
1.086010e+03 1.162414e-01
1.099610e+03 1.191674e-01
1.113380e+03 1.221672e-01
1.127320e+03 1.252429e-01
1.141440e+03 1.283956e-01
1.155740e+03 1.316288e-01
1.170210e+03 1.349422e-01
1.184870e+03 1.383396e-01
1.199700e+03 1.418216e-01
1.214730e+03 1.453928e-01
1.229940e+03 1.490524e-01
1.245340e+03 1.528049e-01
1.260940e+03 1.567383e-01
1.276730e+03 1.608300e-01
1.292720e+03 1.650289e-01
1.308910e+03 1.693380e-01
1.325300e+03 1.737594e-01
1.341900e+03 1.782955e-01
1.358700e+03 1.829494e-01
1.375720e+03 1.877273e-01
1.392950e+03 1.926279e-01
1.410390e+03 1.976571e-01
1.428060e+03 2.028178e-01
1.445940e+03 2.081136e-01
1.464050e+03 2.135460e-01
1.482380e+03 2.191217e-01
1.500950e+03 2.249173e-01
1.519740e+03 2.309670e-01
1.538780e+03 2.371813e-01
1.558050e+03 2.435620e-01
1.577560e+03 2.501124e-01
1.597320e+03 2.568427e-01
1.617320e+03 2.637513e-01
1.637570e+03 2.708453e-01
1.658080e+03 2.781321e-01
1.678850e+03 2.856155e-01
1.699870e+03 2.932979e-01
1.721160e+03 3.011888e-01
1.742720e+03 3.092926e-01
1.764540e+03 3.177626e-01
1.786640e+03 3.266068e-01
1.809010e+03 3.356933e-01
1.831670e+03 3.450363e-01
1.854610e+03 3.546363e-01
1.877830e+03 3.645048e-01
1.901350e+03 3.746481e-01
1.925160e+03 3.850730e-01
1.949270e+03 3.957874e-01
1.973680e+03 4.068009e-01
1.998400e+03 4.181178e-01
2.023430e+03 4.297563e-01
2.048770e+03 4.417107e-01
2.074420e+03 4.542761e-01
2.100400e+03 4.673567e-01
2.121500e+03 4.781333e-01
2.121700e+03 1.700127e-01
2.126710e+03 1.709620e-01
2.153340e+03 1.760612e-01
2.180310e+03 1.813140e-01
2.201800e+03 1.855630e-01
2.202000e+03 1.255899e-01
2.207610e+03 1.263712e-01
2.235260e+03 1.302627e-01
2.263250e+03 1.342735e-01
2.291600e+03 1.384086e-01
2.320290e+03 1.426699e-01
2.349350e+03 1.470635e-01
2.378770e+03 1.515915e-01
2.408560e+03 1.562592e-01
2.438730e+03 1.610716e-01
2.469270e+03 1.660310e-01
2.500190e+03 1.711432e-01
2.531500e+03 1.764133e-01
2.563210e+03 1.818457e-01
2.595310e+03 1.874454e-01
2.627810e+03 1.932171e-01
2.645300e+03 1.963658e-01
2.645500e+03 1.697285e-01
2.660720e+03 1.721454e-01
2.694040e+03 1.775086e-01
2.727780e+03 1.830384e-01
2.761940e+03 1.887407e-01
2.796530e+03 1.946209e-01
2.831550e+03 2.006841e-01
2.867010e+03 2.069356e-01
2.902920e+03 2.133832e-01
2.939270e+03 2.200305e-01
2.976080e+03 2.268850e-01
3.013350e+03 2.339536e-01
3.026400e+03 2.364584e-01
3.026600e+03 2.227247e-01
3.051090e+03 2.271296e-01
3.089300e+03 2.341029e-01
3.127990e+03 2.412903e-01
3.167160e+03 2.486991e-01
3.206820e+03 2.563341e-01
3.246980e+03 2.642038e-01
3.287650e+03 2.723163e-01
3.295900e+03 2.739804e-01
3.296100e+03 2.626578e-01
3.328820e+03 2.689812e-01
3.370510e+03 2.771660e-01
3.412720e+03 2.855998e-01
3.455460e+03 2.942900e-01
3.498730e+03 3.032445e-01
3.542550e+03 3.124722e-01
3.586910e+03 3.219793e-01
3.631830e+03 3.317763e-01
3.677310e+03 3.418856e-01
3.723370e+03 3.523525e-01
3.770000e+03 3.631373e-01
3.817210e+03 3.742543e-01
3.865010e+03 3.857104e-01
3.913420e+03 3.975312e-01
3.962430e+03 4.098894e-01
4.012050e+03 4.226316e-01
4.062290e+03 4.357717e-01
4.113170e+03 4.493185e-01
4.164680e+03 4.632866e-01
4.216830e+03 4.776890e-01
4.269640e+03 4.925374e-01
4.323110e+03 5.078524e-01
4.377250e+03 5.236402e-01
4.432070e+03 5.399180e-01
4.487580e+03 5.568737e-01
4.543780e+03 5.744222e-01
4.600680e+03 5.924851e-01
4.658300e+03 6.109549e-01
4.716640e+03 6.299956e-01
4.775700e+03 6.496315e-01
4.835510e+03 6.698843e-01
4.896070e+03 6.908080e-01
4.957380e+03 7.141873e-01
5.019470e+03 7.367192e-01
5.082330e+03 7.601981e-01
5.145980e+03 7.850390e-01
5.210420e+03 8.081221e-01
5.275670e+03 8.335751e-01
5.341740e+03 8.613879e-01
5.408640e+03 8.898666e-01
5.476380e+03 9.161381e-01
5.544960e+03 9.453889e-01
5.614400e+03 9.743835e-01
5.684710e+03 1.004800e+00
5.755900e+03 1.037999e+00
5.827990e+03 1.074834e+00
5.900970e+03 1.106177e+00
5.974870e+03 1.141941e+00
6.049700e+03 1.182029e+00
6.125460e+03 1.221122e+00
6.202170e+03 1.257373e+00
6.279850e+03 1.296705e+00
6.358490e+03 1.339646e+00
6.438120e+03 1.385573e+00
6.518750e+03 1.427580e+00
6.600390e+03 1.473821e+00
6.683050e+03 1.520501e+00
6.766740e+03 1.567757e+00
6.851480e+03 1.618689e+00
6.937290e+03 1.671278e+00
7.024160e+03 1.725577e+00
7.112130e+03 1.781639e+00
7.201200e+03 1.839522e+00
7.291380e+03 1.899284e+00
7.382700e+03 1.960318e+00
7.475150e+03 2.023131e+00
7.568770e+03 2.088105e+00
7.663550e+03 2.155716e+00
7.759530e+03 2.225519e+00
7.856700e+03 2.297578e+00
7.955100e+03 2.371980e+00
8.054720e+03 2.448781e+00
8.155590e+03 2.528072e+00
8.257730e+03 2.609931e+00
8.361140e+03 2.696126e+00
8.465850e+03 2.785532e+00
8.571880e+03 2.871240e+00
8.679220e+03 2.964252e+00
8.787920e+03 3.060798e+00
8.897970e+03 3.162368e+00
9.009410e+03 3.271167e+00
9.122230e+03 3.377639e+00
9.236470e+03 3.487576e+00
9.352150e+03 3.601092e+00
9.469270e+03 3.718305e+00
9.587860e+03 3.839340e+00
9.707930e+03 3.964309e+00
9.829500e+03 4.091279e+00
9.952600e+03 4.223707e+00
1.007720e+04 4.367360e+00
1.020340e+04 4.515923e+00
1.033120e+04 4.676425e+00
1.046060e+04 4.845380e+00
1.059160e+04 5.019228e+00
1.072430e+04 5.191914e+00
1.085860e+04 5.362793e+00
1.099450e+04 5.546399e+00
1.113220e+04 5.739845e+00
1.127160e+04 5.931028e+00
1.141280e+04 6.145535e+00
1.155570e+04 6.368026e+00
1.156270e+04 6.378967e+00
1.156290e+04 2.429646e+00
1.170050e+04 2.513360e+00
1.184700e+04 2.604526e+00
1.199530e+04 2.695318e+00
1.214560e+04 2.789305e+00
1.229770e+04 2.886558e+00
1.245170e+04 2.987192e+00
1.260760e+04 3.091329e+00
1.276550e+04 3.208755e+00
1.292540e+04 3.322638e+00
1.308720e+04 3.436323e+00
1.325110e+04 3.553906e+00
1.327180e+04 3.568911e+00
1.327200e+04 2.570865e+00
1.341710e+04 2.639419e+00
1.358510e+04 2.720106e+00
1.375530e+04 2.803288e+00
1.388060e+04 2.865512e+00
1.388080e+04 2.558695e+00
1.392750e+04 2.579264e+00
1.410190e+04 2.656866e+00
1.427850e+04 2.736817e+00
1.434120e+04 2.765522e+00
1.440690e+04 2.808446e+00
1.458730e+04 2.898151e+00
1.477000e+04 2.990727e+00
1.495500e+04 3.086267e+00
1.514220e+04 3.184819e+00
1.533190e+04 3.286573e+00
1.552390e+04 3.394059e+00
1.571830e+04 3.506519e+00
1.591510e+04 3.622703e+00
1.611450e+04 3.742777e+00
1.631630e+04 3.866792e+00
1.652060e+04 3.994914e+00
1.672750e+04 4.127297e+00
1.693700e+04 4.264063e+00
1.714910e+04 4.405369e+00
1.736390e+04 4.551351e+00
1.758130e+04 4.702156e+00
1.780150e+04 4.857971e+00
1.802440e+04 5.018935e+00
1.825010e+04 5.185253e+00
1.847870e+04 5.357084e+00
1.871010e+04 5.534599e+00
1.894440e+04 5.717987e+00
1.918170e+04 5.907470e+00
1.942190e+04 6.103235e+00
1.966510e+04 6.305469e+00
1.991140e+04 6.514416e+00
2.016080e+04 6.730087e+00
2.041320e+04 6.952012e+00
2.066890e+04 7.181283e+00
2.092770e+04 7.418080e+00
2.118980e+04 7.662706e+00
2.145520e+04 7.915408e+00
2.172390e+04 8.176453e+00
2.199590e+04 8.446062e+00
2.227140e+04 8.724598e+00
2.255030e+04 9.012306e+00
2.283270e+04 9.309488e+00
2.311870e+04 9.617453e+00
2.340820e+04 9.936596e+00
2.370130e+04 1.026632e+01
2.399820e+04 1.060705e+01
2.429870e+04 1.095904e+01
2.460300e+04 1.132215e+01
2.491110e+04 1.169219e+01
2.522310e+04 1.207432e+01
2.553900e+04 1.246897e+01
2.585880e+04 1.287647e+01
2.618260e+04 1.329733e+01
2.651050e+04 1.375201e+01
2.684250e+04 1.422919e+01
2.717870e+04 1.472294e+01
2.751910e+04 1.523383e+01
2.786370e+04 1.576243e+01
2.821270e+04 1.630940e+01
2.856600e+04 1.687533e+01
2.892370e+04 1.746082e+01
2.928590e+04 1.806673e+01
2.965270e+04 1.869367e+01
3.000000e+04 1.929984e+01
