# material=Rb density=1.532
# Photon Energy [eV]  Attenuation Length [um]
1.000000e+01 1.902550e+00
1.016170e+01 1.896317e+00
1.032610e+01 1.887505e+00
1.049310e+01 1.869435e+00
1.066280e+01 1.851538e+00
1.083530e+01 1.833821e+00
1.101060e+01 1.816276e+00
1.118860e+01 1.787210e+00
1.136960e+01 1.752858e+00
1.155350e+01 1.719162e+00
1.174040e+01 1.686118e+00
1.193030e+01 1.653706e+00
1.212320e+01 1.620092e+00
1.231930e+01 1.574134e+00
1.251860e+01 1.529490e+00
1.272100e+01 1.486098e+00
1.292680e+01 1.443952e+00
1.313590e+01 1.389258e+00
1.334830e+01 1.330894e+00
1.356420e+01 1.274983e+00
1.378360e+01 1.216692e+00
1.400660e+01 1.154985e+00
1.423310e+01 1.096404e+00
1.446330e+01 1.040794e+00
1.469730e+01 9.785402e-01
1.493500e+01 9.051114e-01
1.517650e+01 4.856548e-01
1.542200e+01 2.297967e-01
1.567140e+01 1.087308e-01
1.592490e+01 5.144756e-02
1.618250e+01 2.434309e-02
1.644420e+01 2.237940e-02
1.671020e+01 2.158599e-02
1.698050e+01 2.082059e-02
1.725510e+01 2.008244e-02
1.753420e+01 1.937032e-02
1.781780e+01 1.868365e-02
1.810600e+01 1.817041e-02
1.839890e+01 1.789068e-02
1.869640e+01 1.761524e-02
1.899880e+01 1.734401e-02
1.930610e+01 1.707704e-02
1.961840e+01 1.681413e-02
1.993570e+01 1.659088e-02
2.025820e+01 1.645287e-02
2.058580e+01 1.631583e-02
2.091880e+01 1.618008e-02
2.125710e+01 1.604548e-02
2.160090e+01 1.591190e-02
2.195030e+01 1.577947e-02
2.230530e+01 1.564818e-02
2.266610e+01 1.551798e-02
2.303270e+01 1.546579e-02
2.340530e+01 1.555098e-02
2.378380e+01 1.563656e-02
2.416850e+01 1.572263e-02
2.455940e+01 1.580921e-02
2.495660e+01 1.589625e-02
2.536030e+01 1.598375e-02
2.577050e+01 1.607175e-02
2.618730e+01 1.658097e-02
2.661090e+01 1.711666e-02
2.704130e+01 1.766963e-02
2.747860e+01 1.824045e-02
2.792310e+01 1.887017e-02
2.837470e+01 1.991921e-02
2.883370e+01 2.102659e-02
2.930000e+01 2.219535e-02
2.977390e+01 2.342919e-02
3.025550e+01 2.473165e-02
3.074490e+01 2.610650e-02
3.124210e+01 2.755771e-02
3.174750e+01 2.960550e-02
3.226090e+01 3.244714e-02
3.278270e+01 3.556161e-02
3.331300e+01 3.897510e-02
3.385180e+01 4.271620e-02
3.439930e+01 4.681658e-02
3.495570e+01 5.131042e-02
3.552110e+01 5.623561e-02
3.609560e+01 6.163348e-02
3.667940e+01 6.754948e-02
3.727270e+01 7.403341e-02
3.787550e+01 8.113946e-02
3.848820e+01 8.892833e-02
3.911070e+01 9.743313e-02
3.974320e+01 1.060928e-01
4.038610e+01 1.155225e-01
4.103930e+01 1.257901e-01
4.170310e+01 1.369705e-01
4.237760e+01 1.491443e-01
4.306300e+01 1.624003e-01
4.375950e+01 1.768338e-01
4.446730e+01 1.925510e-01
4.518650e+01 2.096646e-01
4.591740e+01 2.283005e-01
4.666000e+01 2.485912e-01
4.741470e+01 2.706855e-01
4.818160e+01 2.947440e-01
4.896090e+01 3.209413e-01
4.975280e+01 3.505559e-01
5.055760e+01 3.834531e-01
5.137530e+01 4.194406e-01
5.220620e+01 4.588009e-01
5.305060e+01 5.018576e-01
5.390870e+01 5.489540e-01
5.478060e+01 6.004721e-01
5.566670e+01 6.568232e-01
5.656700e+01 7.184663e-01
5.748200e+01 7.682033e-01
5.841170e+01 8.181846e-01
5.935640e+01 8.714175e-01
6.031650e+01 9.281170e-01
6.129210e+01 9.885051e-01
6.228340e+01 1.052819e+00
6.329080e+01 1.121319e+00
6.431450e+01 1.194277e+00
6.535470e+01 1.233721e+00
6.641180e+01 1.269096e+00
6.748590e+01 1.305484e+00
6.857750e+01 1.342918e+00
6.968670e+01 1.372659e+00
7.081380e+01 1.399984e+00
7.195910e+01 1.427853e+00
7.312300e+01 1.456280e+00
7.430570e+01 1.474822e+00
7.550760e+01 1.490799e+00
7.672890e+01 1.504113e+00
7.796990e+01 1.511835e+00
7.923100e+01 1.519595e+00
8.051250e+01 1.516963e+00
8.181470e+01 1.509611e+00
8.313800e+01 1.502295e+00
8.448270e+01 1.495016e+00
8.584910e+01 1.492802e+00
8.723770e+01 1.491205e+00
8.864870e+01 1.489609e+00
9.008250e+01 1.488014e+00
9.153950e+01 1.484215e+00
9.302010e+01 1.466513e+00
9.452460e+01 1.449023e+00
9.605350e+01 1.431743e+00
9.760710e+01 1.414667e+00
9.918580e+01 1.361284e+00
1.007900e+02 1.307981e+00
1.024200e+02 1.253305e+00
1.040770e+02 1.149852e+00
1.057600e+02 1.038348e+00
1.074710e+02 8.844404e-01
1.092090e+02 6.865454e-01
1.109750e+02 5.618826e-01
1.127700e+02 5.388823e-01
1.145940e+02 5.964731e-01
1.164480e+02 6.832726e-01
1.183310e+02 6.358098e-01
1.202450e+02 5.840974e-01
1.221900e+02 5.430355e-01
1.241660e+02 5.048603e-01
1.261750e+02 4.672392e-01
1.282150e+02 4.310966e-01
1.302890e+02 3.977541e-01
1.323970e+02 3.669916e-01
1.345380e+02 3.443739e-01
1.367140e+02 3.237299e-01
1.389250e+02 3.043225e-01
1.411720e+02 2.890669e-01
1.434560e+02 2.758137e-01
1.457760e+02 2.631664e-01
1.481340e+02 2.539948e-01
1.505300e+02 2.452341e-01
1.529640e+02 2.367744e-01
1.554390e+02 2.286089e-01
1.579530e+02 2.223536e-01
1.605070e+02 2.165821e-01
1.631030e+02 2.109613e-01
1.657420e+02 2.054876e-01
1.684220e+02 2.001551e-01
1.711460e+02 1.949601e-01
1.739150e+02 1.907519e-01
1.767270e+02 1.868058e-01
1.795860e+02 1.829433e-01
1.824910e+02 1.800437e-01
1.854420e+02 1.774076e-01
1.884420e+02 1.748106e-01
1.914890e+02 1.735093e-01
1.945870e+02 1.726917e-01
1.977340e+02 1.718776e-01
2.009320e+02 1.711375e-01
2.041820e+02 1.706237e-01
2.074850e+02 1.701114e-01
2.108400e+02 1.696002e-01
2.142510e+02 1.690917e-01
2.177160e+02 1.685838e-01
2.212370e+02 1.680775e-01
2.248160e+02 1.675729e-01
2.284520e+02 1.670698e-01
2.321470e+02 1.693199e-01
2.359020e+02 1.720435e-01
2.397170e+02 1.748095e-01
2.435950e+02 1.773380e-01
2.475350e+02 1.790627e-01
2.515380e+02 1.808032e-01
2.556070e+02 1.825620e-01
2.597410e+02 1.843368e-01
2.639420e+02 1.861296e-01
2.682110e+02 1.879404e-01
2.725490e+02 1.897675e-01
2.769570e+02 1.916130e-01
2.814370e+02 1.938234e-01
2.859890e+02 1.966192e-01
2.906150e+02 1.994562e-01
2.953150e+02 2.023331e-01
3.000920e+02 2.052518e-01
3.049450e+02 2.082123e-01
3.098780e+02 2.112161e-01
3.148900e+02 2.142633e-01
3.199830e+02 2.188779e-01
3.251580e+02 2.245379e-01
3.304180e+02 2.303466e-01
3.357620e+02 2.363038e-01
3.411920e+02 2.424160e-01
3.467110e+02 2.486855e-01
3.523190e+02 2.551179e-01
3.580170e+02 2.617168e-01
3.638080e+02 2.678138e-01
3.696920e+02 2.738161e-01
3.756720e+02 2.799485e-01
3.817480e+02 2.862218e-01
3.879220e+02 2.927765e-01
3.941970e+02 2.998012e-01
4.005730e+02 3.081594e-01
4.070520e+02 3.172228e-01
4.136350e+02 3.265433e-01
4.203260e+02 3.361430e-01
4.271240e+02 3.460254e-01
4.340320e+02 3.562014e-01
4.410520e+02 3.666770e-01
4.481860e+02 3.775132e-01
4.554350e+02 3.889319e-01
4.628020e+02 4.008703e-01
4.702870e+02 4.132778e-01
4.778940e+02 4.260886e-01
4.856230e+02 4.392782e-01
4.934780e+02 4.528756e-01
5.014590e+02 4.668998e-01
5.095700e+02 4.813652e-01
5.178120e+02 4.963374e-01
5.261870e+02 5.119793e-01
5.346980e+02 5.285068e-01
5.433460e+02 5.457746e-01
5.521340e+02 5.636208e-01
5.610650e+02 5.826249e-01
5.701390e+02 6.024958e-01
5.793610e+02 6.226942e-01
5.887320e+02 6.434972e-01
5.982540e+02 6.649404e-01
6.079300e+02 6.870771e-01
6.177630e+02 7.099559e-01
6.277550e+02 7.336431e-01
6.379080e+02 7.587316e-01
6.482260e+02 7.856362e-01
6.587110e+02 8.141371e-01
6.693650e+02 8.436806e-01
6.801910e+02 8.723876e-01
6.911930e+02 9.005687e-01
7.023720e+02 9.293270e-01
7.137330e+02 9.607680e-01
7.252770e+02 9.945438e-01
7.370080e+02 1.029519e+00
7.489280e+02 1.065724e+00
7.610420e+02 1.103216e+00
7.733510e+02 1.142224e+00
7.858590e+02 1.183376e+00
7.985700e+02 1.226670e+00
8.114860e+02 1.271529e+00
8.246110e+02 1.318038e+00
8.379490e+02 1.366257e+00
8.515020e+02 1.416461e+00
8.652740e+02 1.468788e+00
8.792690e+02 1.523306e+00
8.934910e+02 1.579839e+00
9.079430e+02 1.638482e+00
9.226280e+02 1.699311e+00
9.375510e+02 1.763214e+00
9.527150e+02 1.829737e+00
9.681240e+02 1.898966e+00
9.837830e+02 1.970824e+00
9.996950e+02 2.045295e+00
1.015860e+03 2.122450e+00
1.032290e+03 2.201711e+00
1.048990e+03 2.284734e+00
1.065960e+03 2.371801e+00
1.083200e+03 2.462220e+00
1.100720e+03 2.556095e+00
1.118520e+03 2.653554e+00
1.136610e+03 2.754702e+00
1.155000e+03 2.859748e+00
1.173680e+03 2.968802e+00
1.192660e+03 3.081982e+00
1.211950e+03 3.199463e+00
1.231550e+03 3.321384e+00
1.251470e+03 3.449344e+00
1.271720e+03 3.583693e+00
1.292290e+03 3.725106e+00
1.313190e+03 3.872032e+00
1.334430e+03 4.024745e+00
1.356010e+03 4.183473e+00
1.377940e+03 4.348498e+00
1.400230e+03 4.520142e+00
1.422880e+03 4.698689e+00
1.445890e+03 4.884002e+00
1.469280e+03 5.078281e+00
1.493040e+03 5.282912e+00
1.517190e+03 5.507369e+00
1.541730e+03 5.743115e+00
1.566670e+03 5.989053e+00
1.592010e+03 6.245479e+00
1.617760e+03 6.512853e+00
1.643920e+03 6.791614e+00
1.670510e+03 7.082308e+00
1.697530e+03 7.385450e+00
1.724990e+03 7.701577e+00
1.752890e+03 8.043996e+00
1.781240e+03 8.404558e+00
1.804300e+03 8.705266e+00
1.804500e+03 2.062694e+00
1.810050e+03 2.085273e+00
1.839320e+03 2.207383e+00
1.863800e+03 2.313342e+00
1.864000e+03 1.659759e+00
1.869070e+03 1.670107e+00
1.899300e+03 1.732512e+00
1.930020e+03 1.797248e+00
1.961240e+03 1.864402e+00
1.992960e+03 1.934066e+00
2.025200e+03 2.005848e+00
2.057950e+03 2.080770e+00
2.065000e+03 2.097094e+00
2.065200e+03 1.856419e+00
2.091240e+03 1.910883e+00
2.125060e+03 1.982952e+00
2.159430e+03 2.058267e+00
2.194360e+03 2.137039e+00
2.229850e+03 2.219420e+00
2.265920e+03 2.305481e+00
2.302570e+03 2.395460e+00
2.339810e+03 2.489467e+00
2.377660e+03 2.587741e+00
2.416110e+03 2.690482e+00
2.455190e+03 2.797826e+00
2.494900e+03 2.909987e+00
2.535260e+03 3.027240e+00
2.576260e+03 3.149814e+00
2.617930e+03 3.277844e+00
2.660270e+03 3.411765e+00
2.703300e+03 3.551676e+00
2.747030e+03 3.697988e+00
2.791460e+03 3.850841e+00
2.836610e+03 4.010565e+00
2.882490e+03 4.177599e+00
2.929110e+03 4.352133e+00
2.976480e+03 4.534539e+00
3.024630e+03 4.725261e+00
3.073550e+03 4.924548e+00
3.123260e+03 5.133036e+00
3.173780e+03 5.350811e+00
3.225110e+03 5.578406e+00
3.277270e+03 5.816506e+00
3.330280e+03 6.065467e+00
3.384150e+03 6.325454e+00
3.438880e+03 6.597449e+00
3.494500e+03 6.881786e+00
3.551020e+03 7.179017e+00
3.608460e+03 7.489784e+00
3.666820e+03 7.814649e+00
3.726130e+03 8.154347e+00
3.786400e+03 8.509557e+00
3.847640e+03 8.880881e+00
3.909870e+03 9.269129e+00
3.973110e+03 9.674998e+00
4.037380e+03 1.009954e+01
4.102680e+03 1.054331e+01
4.169030e+03 1.100739e+01
4.236460e+03 1.149263e+01
4.304980e+03 1.200005e+01
4.374620e+03 1.253053e+01
4.445370e+03 1.308548e+01
4.517270e+03 1.366557e+01
4.590330e+03 1.427218e+01
4.664580e+03 1.490650e+01
4.740030e+03 1.556991e+01
4.816690e+03 1.626352e+01
4.894600e+03 1.698912e+01
4.973770e+03 1.774753e+01
5.054210e+03 1.854101e+01
5.135960e+03 1.937035e+01
5.219030e+03 2.023808e+01
5.303440e+03 2.114498e+01
5.389220e+03 2.209354e+01
5.476390e+03 2.308604e+01
5.564970e+03 2.412319e+01
5.654980e+03 2.520819e+01
5.746440e+03 2.634282e+01
5.839390e+03 2.752901e+01
5.933830e+03 2.877007e+01
6.029810e+03 3.006750e+01
6.127330e+03 3.142465e+01
6.226440e+03 3.284288e+01
6.327150e+03 3.432628e+01
6.429480e+03 3.587760e+01
6.533480e+03 3.749934e+01
6.639150e+03 3.919610e+01
6.746540e+03 4.096946e+01
6.855650e+03 4.282571e+01
6.966540e+03 4.476520e+01
7.079220e+03 4.679242e+01
7.193720e+03 4.891319e+01
7.310070e+03 5.113194e+01
7.428310e+03 5.344994e+01
7.548450e+03 5.587309e+01
7.670540e+03 5.840694e+01
7.794610e+03 6.105666e+01
7.920680e+03 6.382643e+01
8.048790e+03 6.672311e+01
8.178980e+03 6.975196e+01
8.311260e+03 7.291716e+01
8.445690e+03 7.622627e+01
8.582290e+03 7.968661e+01
8.721110e+03 8.330339e+01
8.862160e+03 8.708321e+01
9.005500e+03 9.103622e+01
9.151160e+03 9.516599e+01
9.299170e+03 9.948406e+01
9.449580e+03 1.039977e+02
9.602420e+03 1.087148e+02
9.757730e+03 1.136437e+02
9.915550e+03 1.187984e+02
1.007590e+04 1.241828e+02
1.023890e+04 1.298108e+02
1.040450e+04 1.356916e+02
1.057280e+04 1.418376e+02
1.074380e+04 1.482592e+02
1.091760e+04 1.549697e+02
1.109420e+04 1.619809e+02
1.127360e+04 1.693058e+02
1.145590e+04 1.769583e+02
1.164120e+04 1.849540e+02
1.182950e+04 1.933072e+02
1.202080e+04 2.020323e+02
1.221530e+04 2.111486e+02
1.241280e+04 2.206681e+02
1.261360e+04 2.306133e+02
1.281760e+04 2.409993e+02
1.302500e+04 2.518485e+02
1.323560e+04 2.631758e+02
1.344970e+04 2.750061e+02
1.366720e+04 2.873590e+02
1.388830e+04 3.002586e+02
1.411290e+04 3.137261e+02
1.434120e+04 3.277880e+02
1.457310e+04 3.424666e+02
1.480890e+04 3.577938e+02
1.504840e+04 3.737901e+02
1.519960e+04 3.841178e+02
1.519980e+04 5.467630e+01
1.529180e+04 5.551060e+01
1.553910e+04 5.779198e+01
1.579040e+04 6.017809e+01
1.604580e+04 6.267381e+01
1.630540e+04 6.528441e+01
1.656910e+04 6.801491e+01
1.683710e+04 7.087097e+01
1.710940e+04 7.385816e+01
1.738610e+04 7.698299e+01
1.766740e+04 8.025273e+01
1.795310e+04 8.367225e+01
1.824350e+04 8.725003e+01
1.853860e+04 9.099322e+01
1.883840e+04 9.490892e+01
1.914310e+04 9.900580e+01
1.945270e+04 1.032927e+02
1.976740e+04 1.077782e+02
2.008710e+04 1.124715e+02
2.041200e+04 1.173827e+02
2.074210e+04 1.225218e+02
2.107760e+04 1.278999e+02
2.141850e+04 1.335279e+02
2.176500e+04 1.394191e+02
2.211700e+04 1.455835e+02
2.247470e+04 1.520354e+02
2.283820e+04 1.587885e+02
2.320760e+04 1.658573e+02
2.358300e+04 1.732567e+02
2.396440e+04 1.810016e+02
2.435200e+04 1.891091e+02
2.474590e+04 1.975975e+02
2.514620e+04 2.064823e+02
2.555290e+04 2.157853e+02
2.596620e+04 2.255243e+02
2.638610e+04 2.357204e+02
2.681290e+04 2.463953e+02
2.724660e+04 2.575740e+02
2.768730e+04 2.692805e+02
2.813510e+04 2.815356e+02
2.859020e+04 2.943704e+02
2.905260e+04 3.078115e+02
2.952250e+04 3.218860e+02
3.000000e+04 3.366239e+02
