# material=Re density=21.02
# Photon Energy [eV]  Attenuation Length [um]
1.000000e+01 1.156107e-02
1.016170e+01 1.119148e-02
1.032610e+01 1.083382e-02
1.049310e+01 1.048745e-02
1.066280e+01 1.015222e-02
1.083530e+01 9.971452e-03
1.101060e+01 9.820790e-03
1.118860e+01 9.672282e-03
1.136960e+01 9.526091e-03
1.155350e+01 9.382117e-03
1.174040e+01 9.236008e-03
1.193030e+01 9.090730e-03
1.212320e+01 8.947689e-03
1.231930e+01 8.806965e-03
1.251860e+01 8.668464e-03
1.272100e+01 8.528237e-03
1.292680e+01 8.389704e-03
1.313590e+01 8.253381e-03
1.334830e+01 8.119231e-03
1.356420e+01 7.984619e-03
1.378360e+01 7.831494e-03
1.400660e+01 7.681326e-03
1.423310e+01 7.533988e-03
1.446330e+01 7.389471e-03
1.469730e+01 7.265699e-03
1.493500e+01 7.168949e-03
1.517650e+01 7.073458e-03
1.542200e+01 6.979307e-03
1.567140e+01 6.886370e-03
1.592490e+01 6.793700e-03
1.618250e+01 6.693207e-03
1.644420e+01 6.594181e-03
1.671020e+01 6.496657e-03
1.698050e+01 6.400569e-03
1.725510e+01 6.305864e-03
1.753420e+01 6.212600e-03
1.781780e+01 6.120701e-03
1.810600e+01 6.051044e-03
1.839890e+01 5.990521e-03
1.869640e+01 5.930555e-03
1.899880e+01 5.871226e-03
1.930610e+01 5.825131e-03
1.961840e+01 5.836296e-03
1.993570e+01 5.847469e-03
2.025820e+01 5.858687e-03
2.058580e+01 5.869895e-03
2.091880e+01 5.881149e-03
2.125710e+01 5.892396e-03
2.160090e+01 5.957081e-03
2.195030e+01 6.026376e-03
2.230530e+01 6.096465e-03
2.266610e+01 6.167382e-03
2.303270e+01 6.239125e-03
2.340530e+01 6.344546e-03
2.378380e+01 6.494185e-03
2.416850e+01 6.647373e-03
2.455940e+01 6.804163e-03
2.495660e+01 6.976735e-03
2.536030e+01 7.329626e-03
2.577050e+01 7.700365e-03
2.618730e+01 8.089836e-03
2.661090e+01 8.529026e-03
2.704130e+01 9.034965e-03
2.747860e+01 9.570904e-03
2.792310e+01 1.013869e-02
2.837470e+01 1.072235e-02
2.883370e+01 1.133939e-02
2.930000e+01 1.199188e-02
2.977390e+01 1.268191e-02
3.025550e+01 1.343620e-02
3.074490e+01 1.427370e-02
3.124210e+01 1.516338e-02
3.174750e+01 1.575324e-02
3.226090e+01 1.606658e-02
3.278270e+01 1.638618e-02
3.331300e+01 1.668794e-02
3.385180e+01 1.693922e-02
3.439930e+01 1.719435e-02
3.495570e+01 1.745328e-02
3.552110e+01 1.745290e-02
3.609560e+01 1.742450e-02
3.667940e+01 1.739617e-02
3.727270e+01 1.736789e-02
3.787550e+01 1.719766e-02
3.848820e+01 1.688968e-02
3.911070e+01 1.520749e-02
3.974320e+01 1.369280e-02
4.038610e+01 1.232903e-02
4.103930e+01 1.110106e-02
4.170310e+01 9.995403e-03
4.237760e+01 9.435493e-03
4.306300e+01 8.911355e-03
4.375950e+01 8.416373e-03
4.446730e+01 8.208432e-03
4.518650e+01 8.167658e-03
4.591740e+01 8.127063e-03
4.666000e+01 8.086688e-03
4.741470e+01 8.129741e-03
4.818160e+01 8.220326e-03
4.896090e+01 8.354976e-03
4.975280e+01 8.368281e-03
5.055760e+01 8.347121e-03
5.137530e+01 8.276172e-03
5.220620e+01 7.958333e-03
5.305060e+01 7.688215e-03
5.390870e+01 7.498016e-03
5.478060e+01 7.379597e-03
5.566670e+01 7.263047e-03
5.656700e+01 7.223329e-03
5.748200e+01 7.206537e-03
5.841170e+01 7.353398e-03
5.935640e+01 7.507524e-03
6.031650e+01 7.667472e-03
6.129210e+01 7.830786e-03
6.228340e+01 8.069935e-03
6.329080e+01 8.369316e-03
6.431450e+01 8.711870e-03
6.535470e+01 9.144506e-03
6.641180e+01 9.730185e-03
6.748590e+01 1.045327e-02
6.857750e+01 1.123001e-02
6.968670e+01 1.185427e-02
7.081380e+01 1.249071e-02
7.195910e+01 1.316117e-02
7.312300e+01 1.386767e-02
7.430570e+01 1.461220e-02
7.550760e+01 1.539667e-02
7.672890e+01 1.622314e-02
7.796990e+01 1.709099e-02
7.923100e+01 1.796371e-02
8.051250e+01 1.888104e-02
8.181470e+01 1.984517e-02
8.313800e+01 2.085860e-02
8.448270e+01 2.192370e-02
8.584910e+01 2.304320e-02
8.723770e+01 2.408091e-02
8.864870e+01 2.493531e-02
9.008250e+01 2.582002e-02
9.153950e+01 2.673609e-02
9.302010e+01 2.768473e-02
9.452460e+01 2.842846e-02
9.605350e+01 2.887488e-02
9.760710e+01 2.932826e-02
9.918580e+01 2.978879e-02
1.007900e+02 3.025652e-02
1.024200e+02 3.066145e-02
1.040770e+02 3.061768e-02
1.057600e+02 3.057378e-02
1.074710e+02 3.053013e-02
1.092090e+02 3.048637e-02
1.109750e+02 3.036226e-02
1.127700e+02 3.010901e-02
1.145940e+02 2.985784e-02
1.164480e+02 2.960893e-02
1.183310e+02 2.936183e-02
1.202450e+02 2.911690e-02
1.221900e+02 2.893406e-02
1.241660e+02 2.875748e-02
1.261750e+02 2.858219e-02
1.282150e+02 2.840763e-02
1.302890e+02 2.823441e-02
1.323970e+02 2.806229e-02
1.345380e+02 2.789087e-02
1.367140e+02 2.772093e-02
1.389250e+02 2.757640e-02
1.411720e+02 2.747451e-02
1.434560e+02 2.737342e-02
1.457760e+02 2.727227e-02
1.481340e+02 2.717155e-02
1.505300e+02 2.707112e-02
1.529640e+02 2.711483e-02
1.554390e+02 2.717711e-02
1.579530e+02 2.723931e-02
1.605070e+02 2.730156e-02
1.631030e+02 2.736394e-02
1.657420e+02 2.735605e-02
1.684220e+02 2.729695e-02
1.711460e+02 2.723829e-02
1.739150e+02 2.717966e-02
1.767270e+02 2.712101e-02
1.795860e+02 2.706280e-02
1.824910e+02 2.701214e-02
1.854420e+02 2.700967e-02
1.884420e+02 2.700732e-02
1.914890e+02 2.700498e-02
1.945870e+02 2.700267e-02
1.977340e+02 2.700030e-02
2.009320e+02 2.699796e-02
2.041820e+02 2.699561e-02
2.074850e+02 2.699340e-02
2.108400e+02 2.697838e-02
2.142510e+02 2.695559e-02
2.177160e+02 2.693279e-02
2.212370e+02 2.690978e-02
2.248160e+02 2.688714e-02
2.284520e+02 2.686428e-02
2.321470e+02 2.684149e-02
2.359020e+02 2.681873e-02
2.397170e+02 2.679589e-02
2.435950e+02 2.678605e-02
2.475350e+02 2.684808e-02
2.515380e+02 2.691026e-02
2.556070e+02 2.697260e-02
2.597410e+02 2.703495e-02
2.639420e+02 2.709760e-02
2.682110e+02 2.716037e-02
2.725490e+02 2.722316e-02
2.769570e+02 2.731649e-02
2.814370e+02 2.753760e-02
2.859890e+02 2.776042e-02
2.906150e+02 2.798506e-02
2.953150e+02 2.821144e-02
3.000920e+02 2.843974e-02
3.049450e+02 2.867440e-02
3.098780e+02 2.891316e-02
3.148900e+02 2.915377e-02
3.199830e+02 2.939646e-02
3.251580e+02 2.964112e-02
3.304180e+02 2.988791e-02
3.357620e+02 3.013666e-02
3.411920e+02 3.039595e-02
3.467110e+02 3.072897e-02
3.523190e+02 3.106540e-02
3.580170e+02 3.140562e-02
3.638080e+02 3.174957e-02
3.696920e+02 3.209727e-02
3.756720e+02 3.244878e-02
3.817480e+02 3.280414e-02
3.879220e+02 3.321955e-02
3.941970e+02 3.369304e-02
4.005730e+02 3.417322e-02
4.070520e+02 3.466021e-02
4.136350e+02 3.515406e-02
4.203260e+02 3.558523e-02
4.271240e+02 3.597168e-02
4.340320e+02 3.636217e-02
4.410520e+02 3.675706e-02
4.481860e+02 3.720842e-02
4.554350e+02 3.769503e-02
4.628020e+02 3.818781e-02
4.702870e+02 3.868715e-02
4.778940e+02 3.919301e-02
4.856230e+02 3.970530e-02
4.934780e+02 4.022458e-02
5.014590e+02 4.075048e-02
5.095700e+02 4.128324e-02
5.178120e+02 4.182301e-02
5.261870e+02 4.236989e-02
5.346980e+02 4.292387e-02
5.433460e+02 4.415421e-02
5.521340e+02 4.511986e-02
5.610650e+02 4.614670e-02
5.701390e+02 4.717613e-02
5.793610e+02 4.794033e-02
5.887320e+02 4.863737e-02
5.982540e+02 4.929267e-02
6.079300e+02 4.995735e-02
6.177630e+02 5.063080e-02
6.277550e+02 5.133102e-02
6.379080e+02 5.226455e-02
6.482260e+02 5.355534e-02
6.587110e+02 5.511002e-02
6.693650e+02 5.671019e-02
6.801910e+02 5.825216e-02
6.911930e+02 5.975275e-02
7.023720e+02 6.126916e-02
7.137330e+02 6.290060e-02
7.252770e+02 6.463009e-02
7.370080e+02 6.640743e-02
7.489280e+02 6.823410e-02
7.610420e+02 7.011217e-02
7.733510e+02 7.205625e-02
7.858590e+02 7.410461e-02
7.985700e+02 7.625415e-02
8.114860e+02 7.846698e-02
8.246110e+02 8.074378e-02
8.379490e+02 8.308707e-02
8.515020e+02 8.551196e-02
8.652740e+02 8.802160e-02
8.792690e+02 9.061794e-02
8.934910e+02 9.329262e-02
9.079430e+02 9.604687e-02
9.226280e+02 9.888331e-02
9.375510e+02 1.018674e-01
9.527150e+02 1.049592e-01
9.681240e+02 1.081596e-01
9.837830e+02 1.114594e-01
9.996950e+02 1.148771e-01
1.015860e+03 1.184172e-01
1.032290e+03 1.222268e-01
1.048990e+03 1.261850e-01
1.065960e+03 1.303007e-01
1.083200e+03 1.345511e-01
1.100720e+03 1.389426e-01
1.118520e+03 1.434779e-01
1.136610e+03 1.481638e-01
1.155000e+03 1.530064e-01
1.173680e+03 1.580106e-01
1.192660e+03 1.631789e-01
1.211950e+03 1.685190e-01
1.231550e+03 1.740400e-01
1.251470e+03 1.798259e-01
1.271720e+03 1.859029e-01
1.292290e+03 1.923098e-01
1.313190e+03 1.989414e-01
1.334430e+03 2.058010e-01
1.356010e+03 2.129005e-01
1.377940e+03 2.202498e-01
1.400230e+03 2.278611e-01
1.422880e+03 2.357419e-01
1.445890e+03 2.438961e-01
1.469280e+03 2.523405e-01
1.493040e+03 2.610880e-01
1.517190e+03 2.701699e-01
1.541730e+03 2.795795e-01
1.566670e+03 2.893260e-01
1.592010e+03 2.994192e-01
1.617760e+03 3.098625e-01
1.643920e+03 3.206645e-01
1.670510e+03 3.318597e-01
1.697530e+03 3.434535e-01
1.724990e+03 3.554594e-01
1.752890e+03 3.680758e-01
1.781240e+03 3.812124e-01
1.810050e+03 3.948816e-01
1.839320e+03 4.090371e-01
1.869070e+03 4.237016e-01
1.882800e+03 4.305636e-01
1.883000e+03 1.439003e-01
1.899300e+03 1.472093e-01
1.930020e+03 1.535726e-01
1.948800e+03 1.575447e-01
1.949000e+03 1.062852e-01
1.961240e+03 1.078884e-01
1.992960e+03 1.121085e-01
2.025200e+03 1.164672e-01
2.057950e+03 1.210243e-01
2.091240e+03 1.257620e-01
2.125060e+03 1.306835e-01
2.159430e+03 1.357973e-01
2.194360e+03 1.411128e-01
2.229850e+03 1.466359e-01
2.265920e+03 1.523735e-01
2.302570e+03 1.583356e-01
2.339810e+03 1.645294e-01
2.367200e+03 1.691729e-01
2.367400e+03 1.451646e-01
2.377660e+03 1.467800e-01
2.416110e+03 1.529334e-01
2.455190e+03 1.593449e-01
2.494900e+03 1.660167e-01
2.535260e+03 1.729730e-01
2.576260e+03 1.802127e-01
2.617930e+03 1.877536e-01
2.660270e+03 1.956048e-01
2.681500e+03 1.996151e-01
2.681700e+03 1.872611e-01
2.703300e+03 1.909988e-01
2.747030e+03 1.986980e-01
2.791460e+03 2.067050e-01
2.836610e+03 2.150251e-01
2.882490e+03 2.236754e-01
2.929110e+03 2.326643e-01
2.931600e+03 2.331498e-01
2.931800e+03 2.234591e-01
2.976480e+03 2.316400e-01
3.024630e+03 2.406457e-01
3.073550e+03 2.500474e-01
3.123260e+03 2.598342e-01
3.173780e+03 2.700334e-01
3.225110e+03 2.806518e-01
3.277270e+03 2.917330e-01
3.330280e+03 3.032597e-01
3.384150e+03 3.152787e-01
3.438880e+03 3.278095e-01
3.494500e+03 3.408502e-01
3.551020e+03 3.544447e-01
3.608460e+03 3.686091e-01
3.666820e+03 3.833660e-01
3.726130e+03 3.987517e-01
3.786400e+03 4.147676e-01
3.847640e+03 4.314736e-01
3.909870e+03 4.488456e-01
3.973110e+03 4.669869e-01
4.037380e+03 4.858667e-01
4.102680e+03 5.055420e-01
4.169030e+03 5.260436e-01
4.236460e+03 5.474069e-01
4.304980e+03 5.696773e-01
4.374620e+03 5.928795e-01
4.445370e+03 6.170674e-01
4.517270e+03 6.422730e-01
4.590330e+03 6.685365e-01
4.664580e+03 6.959121e-01
4.740030e+03 7.244500e-01
4.816690e+03 7.541806e-01
4.894600e+03 7.851724e-01
4.973770e+03 8.174889e-01
5.054210e+03 8.511580e-01
5.135960e+03 8.862510e-01
5.219030e+03 9.228400e-01
5.303440e+03 9.609799e-01
5.389220e+03 1.000728e+00
5.476390e+03 1.042157e+00
5.564970e+03 1.085357e+00
5.654980e+03 1.130360e+00
5.746440e+03 1.177304e+00
5.839390e+03 1.226229e+00
5.933830e+03 1.277228e+00
6.029810e+03 1.330394e+00
6.127330e+03 1.385824e+00
6.226440e+03 1.443595e+00
6.327150e+03 1.503829e+00
6.429480e+03 1.566612e+00
6.533480e+03 1.632093e+00
6.639150e+03 1.700329e+00
6.746540e+03 1.771499e+00
6.855650e+03 1.845667e+00
6.966540e+03 1.922989e+00
7.079220e+03 2.003690e+00
7.193720e+03 2.087726e+00
7.310070e+03 2.175377e+00
7.428310e+03 2.266794e+00
7.548450e+03 2.362116e+00
7.670540e+03 2.461477e+00
7.794610e+03 2.565144e+00
7.920680e+03 2.673310e+00
8.048790e+03 2.786006e+00
8.178980e+03 2.903512e+00
8.311260e+03 3.026154e+00
8.445690e+03 3.154065e+00
8.582290e+03 3.287406e+00
8.721110e+03 3.426482e+00
8.862160e+03 3.571547e+00
9.005500e+03 3.722806e+00
9.151160e+03 3.880874e+00
9.299170e+03 4.045481e+00
9.449580e+03 4.217310e+00
9.602420e+03 4.396503e+00
9.757730e+03 4.583539e+00
9.915550e+03 4.778817e+00
1.007590e+04 4.976349e+00
1.023890e+04 5.181515e+00
1.040450e+04 5.394532e+00
1.053520e+04 5.566296e+00
1.053540e+04 2.191264e+00
1.057280e+04 2.213322e+00
1.074380e+04 2.316103e+00
1.091760e+04 2.423652e+00
1.109420e+04 2.536191e+00
1.127360e+04 2.653944e+00
1.145590e+04 2.777162e+00
1.164120e+04 2.906111e+00
1.182950e+04 3.041053e+00
1.195860e+04 3.135860e+00
1.195880e+04 2.240180e+00
1.202080e+04 2.271460e+00
1.221530e+04 2.371324e+00
1.241280e+04 2.475547e+00
1.252660e+04 2.536864e+00
1.252680e+04 2.227062e+00
1.261360e+04 2.265027e+00
1.281760e+04 2.355775e+00
1.302500e+04 2.450590e+00
1.323560e+04 2.549619e+00
1.344970e+04 2.653109e+00
1.366720e+04 2.761242e+00
1.388830e+04 2.874210e+00
1.411290e+04 2.992245e+00
1.434120e+04 3.115576e+00
1.457310e+04 3.244423e+00
1.480890e+04 3.379079e+00
1.504840e+04 3.519754e+00
1.529180e+04 3.666743e+00
1.553910e+04 3.820330e+00
1.579040e+04 3.980812e+00
1.604580e+04 4.148520e+00
1.630540e+04 4.323780e+00
1.656910e+04 4.506896e+00
1.683710e+04 4.698262e+00
1.710940e+04 4.898229e+00
1.738610e+04 5.107194e+00
1.766740e+04 5.325619e+00
1.795310e+04 5.553828e+00
1.824350e+04 5.792357e+00
1.853860e+04 6.041631e+00
1.883840e+04 6.302136e+00
1.914310e+04 6.574407e+00
1.945270e+04 6.858953e+00
1.976740e+04 7.156387e+00
2.008710e+04 7.467217e+00
2.041200e+04 7.792109e+00
2.074210e+04 8.131654e+00
2.107760e+04 8.486591e+00
2.141850e+04 8.857552e+00
2.176500e+04 9.245343e+00
2.211700e+04 9.650626e+00
2.247470e+04 1.007424e+01
2.283820e+04 1.051708e+01
2.320760e+04 1.097995e+01
2.358300e+04 1.146379e+01
2.396440e+04 1.196953e+01
2.435200e+04 1.249820e+01
2.474590e+04 1.305087e+01
2.514620e+04 1.362858e+01
2.555290e+04 1.423245e+01
2.596620e+04 1.486370e+01
2.638610e+04 1.552356e+01
2.681290e+04 1.621335e+01
2.724660e+04 1.693450e+01
2.768730e+04 1.768834e+01
2.813510e+04 1.847637e+01
2.859020e+04 1.930024e+01
2.905260e+04 2.016141e+01
2.952250e+04 2.106169e+01
3.000000e+04 2.200281e+01
