# material=Sb density=6.697
# Photon Energy [eV]  Attenuation Length [um]
1.000000e+01 4.341927e-03
1.016170e+01 4.360780e-03
1.032610e+01 4.493289e-03
1.049310e+01 4.810879e-03
1.066280e+01 5.160816e-03
1.083530e+01 5.604676e-03
1.101060e+01 6.067894e-03
1.118860e+01 6.473339e-03
1.136960e+01 6.913924e-03
1.155350e+01 7.407283e-03
1.174040e+01 7.918742e-03
1.193030e+01 8.398895e-03
1.212320e+01 8.908134e-03
1.231930e+01 9.392699e-03
1.251860e+01 9.898145e-03
1.272100e+01 1.045091e-02
1.292680e+01 1.111977e-02
1.313590e+01 1.180809e-02
1.334830e+01 1.236370e-02
1.356420e+01 1.297774e-02
1.378360e+01 1.366642e-02
1.400660e+01 1.439170e-02
1.423310e+01 1.514464e-02
1.446330e+01 1.588884e-02
1.469730e+01 1.666969e-02
1.493500e+01 1.780628e-02
1.517650e+01 1.908325e-02
1.542200e+01 2.057212e-02
1.567140e+01 2.207243e-02
1.592490e+01 2.362074e-02
1.618250e+01 2.531621e-02
1.644420e+01 2.716699e-02
1.671020e+01 2.916891e-02
1.698050e+01 3.136566e-02
1.725510e+01 3.372765e-02
1.753420e+01 3.610607e-02
1.781780e+01 3.864242e-02
1.810600e+01 4.142937e-02
1.839890e+01 4.443095e-02
1.869640e+01 4.764960e-02
1.899880e+01 5.092401e-02
1.930610e+01 5.430823e-02
1.961840e+01 5.766225e-02
1.993570e+01 6.189642e-02
2.025820e+01 6.654287e-02
2.058580e+01 7.143578e-02
2.091880e+01 7.541136e-02
2.125710e+01 7.960795e-02
2.160090e+01 8.403789e-02
2.195030e+01 8.937439e-02
2.230530e+01 9.710952e-02
2.266610e+01 1.049871e-01
2.303270e+01 1.104359e-01
2.340530e+01 1.161682e-01
2.378380e+01 1.242853e-01
2.416850e+01 1.353985e-01
2.455940e+01 1.420730e-01
2.495660e+01 1.491960e-01
2.536030e+01 1.610120e-01
2.577050e+01 1.708915e-01
2.618730e+01 1.787743e-01
2.661090e+01 1.870209e-01
2.704130e+01 1.970252e-01
2.747860e+01 2.081150e-01
2.792310e+01 2.189674e-01
2.837470e+01 2.284091e-01
2.883370e+01 2.322602e-01
2.930000e+01 2.361748e-01
2.977390e+01 2.382532e-01
3.025550e+01 2.375430e-01
3.074490e+01 2.335013e-01
3.124210e+01 2.214492e-01
3.174750e+01 2.012486e-01
3.226090e+01 1.719229e-01
3.278270e+01 1.402695e-01
3.331300e+01 6.643368e-02
3.385180e+01 5.577885e-02
3.439930e+01 5.532824e-02
3.495570e+01 5.708056e-02
3.552110e+01 6.326119e-02
3.609560e+01 6.707544e-02
3.667940e+01 7.111173e-02
3.727270e+01 7.515723e-02
3.787550e+01 7.892914e-02
3.848820e+01 8.084544e-02
3.911070e+01 8.143523e-02
3.974320e+01 7.711531e-02
4.038610e+01 7.201871e-02
4.103930e+01 6.570845e-02
4.170310e+01 6.016125e-02
4.237760e+01 5.526445e-02
4.306300e+01 5.000458e-02
4.375950e+01 4.550183e-02
4.446730e+01 4.174310e-02
4.518650e+01 3.820434e-02
4.591740e+01 3.458144e-02
4.666000e+01 3.269820e-02
4.741470e+01 3.087104e-02
4.818160e+01 2.914606e-02
4.896090e+01 2.751743e-02
4.975280e+01 2.646859e-02
5.055760e+01 2.557097e-02
5.137530e+01 2.470374e-02
5.220620e+01 2.374472e-02
5.305060e+01 2.265962e-02
5.390870e+01 2.162400e-02
5.478060e+01 2.086348e-02
5.566670e+01 2.019228e-02
5.656700e+01 1.954263e-02
5.748200e+01 1.892478e-02
5.841170e+01 1.836932e-02
5.935640e+01 1.783000e-02
6.031650e+01 1.727709e-02
6.129210e+01 1.669026e-02
6.228340e+01 1.612338e-02
6.329080e+01 1.570642e-02
6.431450e+01 1.534915e-02
6.535470e+01 1.500002e-02
6.641180e+01 1.465877e-02
6.748590e+01 1.438114e-02
6.857750e+01 1.426191e-02
6.968670e+01 1.414368e-02
7.081380e+01 1.402645e-02
7.195910e+01 1.391016e-02
7.312300e+01 1.380635e-02
7.430570e+01 1.373442e-02
7.550760e+01 1.366532e-02
7.672890e+01 1.359769e-02
7.796990e+01 1.353042e-02
7.923100e+01 1.346343e-02
8.051250e+01 1.340850e-02
8.181470e+01 1.345551e-02
8.313800e+01 1.350271e-02
8.448270e+01 1.358344e-02
8.584910e+01 1.378493e-02
8.723770e+01 1.411322e-02
8.864870e+01 1.445150e-02
9.008250e+01 1.488791e-02
9.153950e+01 1.579897e-02
9.302010e+01 1.647424e-02
9.452460e+01 1.691178e-02
9.605350e+01 1.770112e-02
9.760710e+01 1.852740e-02
9.918580e+01 1.939224e-02
1.007900e+02 2.029957e-02
1.024200e+02 2.125055e-02
1.040770e+02 2.229487e-02
1.057600e+02 2.455455e-02
1.074710e+02 2.716284e-02
1.092090e+02 3.040171e-02
1.109750e+02 3.402643e-02
1.127700e+02 3.808342e-02
1.145940e+02 4.262475e-02
1.164480e+02 4.811156e-02
1.183310e+02 5.494568e-02
1.202450e+02 6.558787e-02
1.221900e+02 7.829225e-02
1.241660e+02 9.344204e-02
1.261750e+02 1.113157e-01
1.282150e+02 1.322904e-01
1.302890e+02 1.569431e-01
1.323970e+02 1.860589e-01
1.345380e+02 2.138600e-01
1.367140e+02 2.369568e-01
1.389250e+02 2.496189e-01
1.411720e+02 2.629580e-01
1.434560e+02 2.770123e-01
1.457760e+02 2.918135e-01
1.481340e+02 3.034855e-01
1.505300e+02 3.078891e-01
1.529640e+02 3.005613e-01
1.554390e+02 2.906455e-01
1.579530e+02 2.791313e-01
1.605070e+02 2.680698e-01
1.631030e+02 2.574481e-01
1.657420e+02 2.472489e-01
1.684220e+02 2.374513e-01
1.711460e+02 2.297695e-01
1.739150e+02 2.246778e-01
1.767270e+02 2.225843e-01
1.795860e+02 2.206033e-01
1.824910e+02 2.186079e-01
1.854420e+02 2.164660e-01
1.884420e+02 2.143150e-01
1.914890e+02 2.123620e-01
1.945870e+02 2.115472e-01
1.977340e+02 2.110817e-01
2.009320e+02 2.109032e-01
2.041820e+02 2.107264e-01
2.074850e+02 2.105498e-01
2.108400e+02 2.103722e-01
2.142510e+02 2.109939e-01
2.177160e+02 2.117884e-01
2.212370e+02 2.127216e-01
2.248160e+02 2.136627e-01
2.284520e+02 2.146060e-01
2.321470e+02 2.155515e-01
2.359020e+02 2.165033e-01
2.397170e+02 2.174589e-01
2.435950e+02 2.184207e-01
2.475350e+02 2.193843e-01
2.515380e+02 2.203525e-01
2.556070e+02 2.213268e-01
2.597410e+02 2.223028e-01
2.639420e+02 2.232830e-01
2.682110e+02 2.242681e-01
2.725490e+02 2.252584e-01
2.769570e+02 2.268408e-01
2.814370e+02 2.291846e-01
2.859890e+02 2.320360e-01
2.906150e+02 2.349928e-01
2.953150e+02 2.379867e-01
3.000920e+02 2.410181e-01
3.049450e+02 2.440882e-01
3.098780e+02 2.472005e-01
3.148900e+02 2.503487e-01
3.199830e+02 2.535376e-01
3.251580e+02 2.567673e-01
3.304180e+02 2.600403e-01
3.357620e+02 2.633538e-01
3.411920e+02 2.667069e-01
3.467110e+02 2.701058e-01
3.523190e+02 2.735484e-01
3.580170e+02 2.770335e-01
3.638080e+02 2.805614e-01
3.696920e+02 2.841344e-01
3.756720e+02 2.877549e-01
3.817480e+02 2.914196e-01
3.879220e+02 2.952620e-01
3.941970e+02 2.994515e-01
4.005730e+02 3.051212e-01
4.070520e+02 3.114764e-01
4.136350e+02 3.179637e-01
4.203260e+02 3.245878e-01
4.271240e+02 3.313488e-01
4.340320e+02 3.382443e-01
4.410520e+02 3.452889e-01
4.481860e+02 3.525213e-01
4.554350e+02 3.601051e-01
4.628020e+02 3.679962e-01
4.702870e+02 3.761388e-01
4.778940e+02 3.844662e-01
4.856230e+02 3.929766e-01
4.934780e+02 4.016743e-01
5.014590e+02 4.105621e-01
5.095700e+02 4.196473e-01
5.178120e+02 4.289342e-01
5.261870e+02 4.384262e-01
5.281000e+02 4.406021e-01
5.283000e+02 5.640693e-02
5.346980e+02 5.806666e-02
5.433460e+02 6.035519e-02
5.521340e+02 6.273506e-02
5.610650e+02 6.520900e-02
5.701390e+02 6.776995e-02
5.793610e+02 7.035635e-02
5.887320e+02 7.302173e-02
5.982540e+02 7.577439e-02
6.079300e+02 7.862961e-02
6.177630e+02 8.159385e-02
6.277550e+02 8.467612e-02
6.379080e+02 8.794138e-02
6.482260e+02 9.143669e-02
6.587110e+02 9.514248e-02
6.693650e+02 9.899490e-02
6.801910e+02 1.027201e-01
6.911930e+02 1.063525e-01
7.023720e+02 1.100067e-01
7.137330e+02 1.137559e-01
7.252770e+02 1.176102e-01
7.370080e+02 1.215944e-01
7.489280e+02 1.257140e-01
7.610420e+02 1.299132e-01
7.733510e+02 1.335872e-01
7.858590e+02 1.349767e-01
7.985700e+02 1.344097e-01
8.114860e+02 1.338483e-01
8.246110e+02 1.332874e-01
8.379490e+02 1.327282e-01
8.515020e+02 1.336942e-01
8.652740e+02 1.364033e-01
8.792690e+02 1.407770e-01
8.934910e+02 1.452845e-01
9.079430e+02 1.499339e-01
9.226280e+02 1.547304e-01
9.375510e+02 1.587122e-01
9.527150e+02 1.625427e-01
9.681240e+02 1.662383e-01
9.837830e+02 1.700177e-01
9.996950e+02 1.740872e-01
1.015860e+03 1.784790e-01
1.032290e+03 1.850413e-01
1.048990e+03 1.918986e-01
1.065960e+03 1.990500e-01
1.083200e+03 2.064687e-01
1.100720e+03 2.141638e-01
1.118520e+03 2.221457e-01
1.136610e+03 2.304244e-01
1.155000e+03 2.390143e-01
1.173680e+03 2.479218e-01
1.192660e+03 2.571612e-01
1.211950e+03 2.667451e-01
1.231550e+03 2.766855e-01
1.251470e+03 2.869898e-01
1.271720e+03 2.976704e-01
1.292290e+03 3.087391e-01
1.313190e+03 3.202127e-01
1.334430e+03 3.321172e-01
1.356010e+03 3.444647e-01
1.377940e+03 3.572698e-01
1.400230e+03 3.705518e-01
1.422880e+03 3.843305e-01
1.445890e+03 3.986122e-01
1.469280e+03 4.134712e-01
1.493040e+03 4.289526e-01
1.517190e+03 4.452952e-01
1.541730e+03 4.622988e-01
1.566670e+03 4.799499e-01
1.592010e+03 4.982837e-01
1.617760e+03 5.173159e-01
1.643920e+03 5.370652e-01
1.670510e+03 5.575739e-01
1.697530e+03 5.788677e-01
1.724990e+03 6.009719e-01
1.752890e+03 6.241755e-01
1.781240e+03 6.483721e-01
1.810050e+03 6.735851e-01
1.839320e+03 6.997560e-01
1.869070e+03 7.269552e-01
1.899300e+03 7.552195e-01
1.930020e+03 7.845836e-01
1.961240e+03 8.150822e-01
1.992960e+03 8.467537e-01
2.025200e+03 8.792793e-01
2.057950e+03 9.137645e-01
2.091240e+03 9.497241e-01
2.125060e+03 9.871436e-01
2.159430e+03 1.026128e+00
2.194360e+03 1.066681e+00
2.229850e+03 1.109021e+00
2.265920e+03 1.153067e+00
2.302570e+03 1.199029e+00
2.339810e+03 1.246829e+00
2.377660e+03 1.296754e+00
2.416110e+03 1.348765e+00
2.455190e+03 1.403003e+00
2.494900e+03 1.459636e+00
2.535260e+03 1.518636e+00
2.576260e+03 1.580197e+00
2.617930e+03 1.644425e+00
2.660270e+03 1.711453e+00
2.703300e+03 1.781433e+00
2.747030e+03 1.854502e+00
2.791460e+03 1.930790e+00
2.836610e+03 2.010441e+00
2.882490e+03 2.093689e+00
2.929110e+03 2.180660e+00
2.976480e+03 2.271537e+00
3.024630e+03 2.366558e+00
3.073550e+03 2.465883e+00
3.123260e+03 2.569808e+00
3.173780e+03 2.678523e+00
3.225110e+03 2.792257e+00
3.277270e+03 2.911337e+00
3.330280e+03 3.036051e+00
3.384150e+03 3.166651e+00
3.438880e+03 3.303452e+00
3.494500e+03 3.446804e+00
3.551020e+03 3.597205e+00
3.608460e+03 3.754900e+00
3.666820e+03 3.920309e+00
3.726130e+03 4.093927e+00
3.786400e+03 4.276262e+00
3.847640e+03 4.467768e+00
3.909870e+03 4.669021e+00
3.973110e+03 4.880580e+00
4.037380e+03 5.103183e+00
4.102680e+03 5.336933e+00
4.132100e+03 5.444461e+00
4.132300e+03 1.726181e+00
4.169030e+03 1.765369e+00
4.236460e+03 1.838703e+00
4.304980e+03 1.915083e+00
4.374620e+03 1.994607e+00
4.380300e+03 2.001184e+00
4.380500e+03 1.453242e+00
4.445370e+03 1.510200e+00
4.517270e+03 1.574922e+00
4.590330e+03 1.642392e+00
4.664580e+03 1.712786e+00
4.698200e+03 1.745258e+00
4.698400e+03 1.517550e+00
4.740030e+03 1.551232e+00
4.816690e+03 1.614424e+00
4.894600e+03 1.680440e+00
4.973770e+03 1.749437e+00
5.054210e+03 1.821504e+00
5.135960e+03 1.896802e+00
5.219030e+03 1.975436e+00
5.303440e+03 2.057642e+00
5.389220e+03 2.143510e+00
5.476390e+03 2.233215e+00
5.564970e+03 2.326966e+00
5.654980e+03 2.424893e+00
5.746440e+03 2.527253e+00
5.839390e+03 2.634190e+00
5.933830e+03 2.745909e+00
6.029810e+03 2.862629e+00
6.127330e+03 2.984640e+00
6.226440e+03 3.112116e+00
6.327150e+03 3.245322e+00
6.429480e+03 3.384540e+00
6.533480e+03 3.530009e+00
6.639150e+03 3.682045e+00
6.746540e+03 3.840872e+00
6.855650e+03 4.006873e+00
6.966540e+03 4.180412e+00
7.079220e+03 4.361708e+00
7.193720e+03 4.551232e+00
7.310070e+03 4.749249e+00
7.428310e+03 4.956213e+00
7.548450e+03 5.172643e+00
7.670540e+03 5.398673e+00
7.794610e+03 5.634947e+00
7.920680e+03 5.881890e+00
8.048790e+03 6.140103e+00
8.178980e+03 6.409954e+00
8.311260e+03 6.692049e+00
8.445690e+03 6.986592e+00
8.582290e+03 7.294894e+00
8.721110e+03 7.617046e+00
8.862160e+03 7.953595e+00
9.005500e+03 8.305376e+00
9.151160e+03 8.673146e+00
9.299170e+03 9.057631e+00
9.449580e+03 9.459350e+00
9.602420e+03 9.879257e+00
9.757730e+03 1.031861e+01
9.915550e+03 1.077724e+01
1.007590e+04 1.125696e+01
1.023890e+04 1.175854e+01
1.040450e+04 1.228276e+01
1.057280e+04 1.283083e+01
1.074380e+04 1.340373e+01
1.091760e+04 1.400261e+01
1.109420e+04 1.462871e+01
1.127360e+04 1.528308e+01
1.145590e+04 1.596718e+01
1.164120e+04 1.668235e+01
1.182950e+04 1.743000e+01
1.202080e+04 1.821157e+01
1.221530e+04 1.902875e+01
1.241280e+04 1.988281e+01
1.261360e+04 2.077581e+01
1.281760e+04 2.170926e+01
1.302500e+04 2.268534e+01
1.323560e+04 2.370547e+01
1.344970e+04 2.477212e+01
1.366720e+04 2.588716e+01
1.388830e+04 2.705287e+01
1.411290e+04 2.827155e+01
1.434120e+04 2.954576e+01
1.457310e+04 3.087777e+01
1.480890e+04 3.227058e+01
1.504840e+04 3.372651e+01
1.529180e+04 3.524877e+01
1.553910e+04 3.684006e+01
1.579040e+04 3.850385e+01
1.604580e+04 4.024339e+01
1.630540e+04 4.206256e+01
1.656910e+04 4.396393e+01
1.683710e+04 4.595227e+01
1.710940e+04 4.803101e+01
1.738610e+04 5.020458e+01
1.766740e+04 5.247729e+01
1.795310e+04 5.485354e+01
1.824350e+04 5.733840e+01
1.853860e+04 5.993618e+01
1.883840e+04 6.265274e+01
1.914310e+04 6.549361e+01
1.945270e+04 6.846384e+01
1.976740e+04 7.156994e+01
2.008710e+04 7.481838e+01
2.041200e+04 7.821521e+01
2.074210e+04 8.176653e+01
2.107760e+04 8.548190e+01
2.141850e+04 8.936673e+01
2.176500e+04 9.342990e+01
2.211700e+04 9.767941e+01
2.247470e+04 1.021236e+02
2.283820e+04 1.067723e+02
2.320760e+04 1.116345e+02
2.358300e+04 1.167206e+02
2.396440e+04 1.220404e+02
2.435200e+04 1.276056e+02
2.474590e+04 1.334275e+02
2.514620e+04 1.395182e+02
2.555290e+04 1.458898e+02
2.596620e+04 1.525563e+02
2.638610e+04 1.595311e+02
2.681290e+04 1.668296e+02
2.724660e+04 1.744668e+02
2.768730e+04 1.824586e+02
2.813510e+04 1.908223e+02
2.859020e+04 1.995757e+02
2.905260e+04 2.087370e+02
2.952250e+04 2.183265e+02
3.000000e+04 2.283646e+02
