# material=Sn density=7.31
# Photon Energy [eV]  Attenuation Length [um]
1.000000e+01 9.712348e-03
1.016170e+01 9.950762e-03
1.032610e+01 1.019515e-02
1.049310e+01 1.044544e-02
1.066280e+01 1.070191e-02
1.083530e+01 1.096473e-02
1.101060e+01 1.123400e-02
1.118860e+01 1.150976e-02
1.136960e+01 1.179240e-02
1.155350e+01 1.222596e-02
1.174040e+01 1.268457e-02
1.193030e+01 1.316032e-02
1.212320e+01 1.365384e-02
1.231930e+01 1.438163e-02
1.251860e+01 1.533252e-02
1.272100e+01 1.634607e-02
1.292680e+01 1.742682e-02
1.313590e+01 1.860230e-02
1.334830e+01 2.074494e-02
1.356420e+01 2.313439e-02
1.378360e+01 2.579912e-02
1.400660e+01 2.845114e-02
1.423310e+01 3.130686e-02
1.446330e+01 3.444918e-02
1.469730e+01 3.790717e-02
1.493500e+01 4.171194e-02
1.517650e+01 4.589847e-02
1.542200e+01 5.033381e-02
1.567140e+01 5.488237e-02
1.592490e+01 5.984193e-02
1.618250e+01 6.524946e-02
1.644420e+01 7.106680e-02
1.671020e+01 7.591544e-02
1.698050e+01 8.109489e-02
1.725510e+01 8.662721e-02
1.753420e+01 9.192973e-02
1.781780e+01 9.675239e-02
1.810600e+01 1.018278e-01
1.839890e+01 1.071700e-01
1.869640e+01 1.116421e-01
1.899880e+01 1.156850e-01
1.930610e+01 1.198743e-01
1.961840e+01 1.242155e-01
1.993570e+01 1.276806e-01
2.025820e+01 1.301411e-01
2.058580e+01 1.326484e-01
2.091880e+01 1.349095e-01
2.125710e+01 1.340500e-01
2.160090e+01 1.331960e-01
2.195030e+01 1.321587e-01
2.230530e+01 1.281059e-01
2.266610e+01 1.241778e-01
2.303270e+01 1.170631e-01
2.340530e+01 1.056007e-01
2.378380e+01 8.059100e-02
2.416850e+01 5.034883e-02
2.455940e+01 3.100601e-02
2.495660e+01 2.593023e-02
2.536030e+01 2.442671e-02
2.577050e+01 2.387013e-02
2.618730e+01 2.332620e-02
2.661090e+01 2.279468e-02
2.704130e+01 2.248069e-02
2.747860e+01 2.248359e-02
2.792310e+01 2.248657e-02
2.837470e+01 2.248950e-02
2.883370e+01 2.251641e-02
2.930000e+01 2.334365e-02
2.977390e+01 2.420136e-02
3.025550e+01 2.509064e-02
3.074490e+01 2.615182e-02
3.124210e+01 2.725914e-02
3.174750e+01 2.815584e-02
3.226090e+01 2.859249e-02
3.278270e+01 2.903602e-02
3.331300e+01 2.948649e-02
3.385180e+01 2.943718e-02
3.439930e+01 2.899353e-02
3.495570e+01 2.855659e-02
3.552110e+01 2.812622e-02
3.609560e+01 2.760335e-02
3.667940e+01 2.691540e-02
3.727270e+01 2.624461e-02
3.787550e+01 2.559049e-02
3.848820e+01 2.495275e-02
3.911070e+01 2.432337e-02
3.974320e+01 2.349601e-02
4.038610e+01 2.269690e-02
4.103930e+01 2.192494e-02
4.170310e+01 2.117923e-02
4.237760e+01 2.045887e-02
4.306300e+01 1.976302e-02
4.375950e+01 1.909085e-02
4.446730e+01 1.843314e-02
4.518650e+01 1.778741e-02
4.591740e+01 1.716423e-02
4.666000e+01 1.656297e-02
4.741470e+01 1.598275e-02
4.818160e+01 1.542287e-02
4.896090e+01 1.488265e-02
4.975280e+01 1.446886e-02
5.055760e+01 1.407063e-02
5.137530e+01 1.368333e-02
5.220620e+01 1.330669e-02
5.305060e+01 1.294039e-02
5.390870e+01 1.261040e-02
5.478060e+01 1.236908e-02
5.566670e+01 1.213246e-02
5.656700e+01 1.190029e-02
5.748200e+01 1.167257e-02
5.841170e+01 1.144922e-02
5.935640e+01 1.142098e-02
6.031650e+01 1.141029e-02
6.129210e+01 1.139966e-02
6.228340e+01 1.138901e-02
6.329080e+01 1.137838e-02
6.431450e+01 1.136853e-02
6.535470e+01 1.138161e-02
6.641180e+01 1.139479e-02
6.748590e+01 1.140790e-02
6.857750e+01 1.142108e-02
6.968670e+01 1.143429e-02
7.081380e+01 1.144746e-02
7.195910e+01 1.150427e-02
7.312300e+01 1.156321e-02
7.430570e+01 1.162246e-02
7.550760e+01 1.168205e-02
7.672890e+01 1.181341e-02
7.796990e+01 1.194828e-02
7.923100e+01 1.208467e-02
8.051250e+01 1.222264e-02
8.181470e+01 1.248437e-02
8.313800e+01 1.275443e-02
8.448270e+01 1.303034e-02
8.584910e+01 1.331222e-02
8.723770e+01 1.360017e-02
8.864870e+01 1.389440e-02
9.008250e+01 1.424205e-02
9.153950e+01 1.469185e-02
9.302010e+01 1.515589e-02
9.452460e+01 1.563456e-02
9.605350e+01 1.612835e-02
9.760710e+01 1.663780e-02
9.918580e+01 1.716329e-02
1.007900e+02 1.770533e-02
1.024200e+02 1.826452e-02
1.040770e+02 1.958447e-02
1.057600e+02 2.116672e-02
1.074710e+02 2.287686e-02
1.092090e+02 2.472504e-02
1.109750e+02 2.672252e-02
1.127700e+02 2.888153e-02
1.145940e+02 3.121517e-02
1.164480e+02 3.373719e-02
1.183310e+02 3.646279e-02
1.202450e+02 3.985902e-02
1.221900e+02 4.398816e-02
1.241660e+02 4.854473e-02
1.261750e+02 5.357409e-02
1.282150e+02 5.912381e-02
1.302890e+02 6.524871e-02
1.323970e+02 7.200837e-02
1.345380e+02 7.946782e-02
1.367140e+02 8.770016e-02
1.389250e+02 9.678529e-02
1.411720e+02 1.068115e-01
1.434560e+02 1.178772e-01
1.457760e+02 1.370512e-01
1.481340e+02 1.608106e-01
1.505300e+02 1.886896e-01
1.529640e+02 2.214000e-01
1.554390e+02 2.446506e-01
1.579530e+02 2.686271e-01
1.605070e+02 2.882362e-01
1.631030e+02 3.050755e-01
1.657420e+02 3.063955e-01
1.684220e+02 3.064093e-01
1.711460e+02 3.014748e-01
1.739150e+02 2.955857e-01
1.767270e+02 2.898096e-01
1.795860e+02 2.798577e-01
1.824910e+02 2.673815e-01
1.854420e+02 2.554597e-01
1.884420e+02 2.458169e-01
1.914890e+02 2.397507e-01
1.945870e+02 2.338369e-01
1.977340e+02 2.280674e-01
2.009320e+02 2.224399e-01
2.041820e+02 2.169520e-01
2.074850e+02 2.116002e-01
2.108400e+02 2.063785e-01
2.142510e+02 2.033890e-01
2.177160e+02 2.006144e-01
2.212370e+02 1.978778e-01
2.248160e+02 1.951793e-01
2.284520e+02 1.925169e-01
2.321470e+02 1.898910e-01
2.359020e+02 1.873009e-01
2.397170e+02 1.847459e-01
2.435950e+02 1.837409e-01
2.475350e+02 1.839140e-01
2.515380e+02 1.840865e-01
2.556070e+02 1.842602e-01
2.597410e+02 1.844335e-01
2.639420e+02 1.846071e-01
2.682110e+02 1.847808e-01
2.725490e+02 1.849546e-01
2.769570e+02 1.857087e-01
2.814370e+02 1.868540e-01
2.859890e+02 1.880060e-01
2.906150e+02 1.891656e-01
2.953150e+02 1.903318e-01
3.000920e+02 1.920188e-01
3.049450e+02 1.951344e-01
3.098780e+02 1.983016e-01
3.148900e+02 2.015200e-01
3.199830e+02 2.047902e-01
3.251580e+02 2.081132e-01
3.304180e+02 2.114914e-01
3.357620e+02 2.161095e-01
3.411920e+02 2.210701e-01
3.467110e+02 2.261458e-01
3.523190e+02 2.313380e-01
3.580170e+02 2.366485e-01
3.638080e+02 2.420818e-01
3.696920e+02 2.476393e-01
3.756720e+02 2.537303e-01
3.817480e+02 2.605270e-01
3.879220e+02 2.675060e-01
3.941970e+02 2.746720e-01
4.005730e+02 2.820300e-01
4.070520e+02 2.895846e-01
4.136350e+02 2.963570e-01
4.203260e+02 3.024672e-01
4.271240e+02 3.087025e-01
4.340320e+02 3.150666e-01
4.410520e+02 3.215615e-01
4.481860e+02 3.249670e-01
4.554350e+02 3.275777e-01
4.628020e+02 3.272848e-01
4.702870e+02 3.213381e-01
4.778940e+02 3.155000e-01
4.848000e+02 3.103683e-01
4.850000e+02 3.332101e-01
4.856230e+02 3.268003e-01
4.934780e+02 2.563771e-01
5.014590e+02 2.011306e-01
5.095700e+02 1.577899e-01
5.178120e+02 1.237873e-01
5.261870e+02 9.895718e-02
5.346980e+02 9.284566e-02
5.433460e+02 8.790645e-02
5.521340e+02 8.653834e-02
5.610650e+02 8.519162e-02
5.701390e+02 8.465325e-02
5.793610e+02 8.562948e-02
5.887320e+02 8.661743e-02
5.982540e+02 8.761619e-02
6.079300e+02 8.904003e-02
6.177630e+02 9.122947e-02
6.277550e+02 9.347266e-02
6.379080e+02 9.577078e-02
6.482260e+02 9.801229e-02
6.587110e+02 1.001079e-01
6.693650e+02 1.022481e-01
6.801910e+02 1.044342e-01
6.911930e+02 1.072004e-01
7.023720e+02 1.109074e-01
7.137330e+02 1.094366e-01
7.252770e+02 1.055936e-01
7.370080e+02 1.018860e-01
7.489280e+02 1.005392e-01
7.610420e+02 1.020256e-01
7.733510e+02 1.035340e-01
7.858590e+02 1.059033e-01
7.985700e+02 1.085602e-01
8.114860e+02 1.112835e-01
8.246110e+02 1.140754e-01
8.379490e+02 1.172210e-01
8.515020e+02 1.206353e-01
8.652740e+02 1.241492e-01
8.792690e+02 1.277651e-01
8.934910e+02 1.314863e-01
9.079430e+02 1.347901e-01
9.226280e+02 1.381034e-01
9.375510e+02 1.414990e-01
9.527150e+02 1.449771e-01
9.681240e+02 1.485414e-01
9.837830e+02 1.559719e-01
9.996950e+02 1.656405e-01
1.015860e+03 1.714204e-01
1.032290e+03 1.777803e-01
1.048990e+03 1.844183e-01
1.065960e+03 1.913461e-01
1.083200e+03 1.985345e-01
1.100720e+03 2.059936e-01
1.118520e+03 2.137308e-01
1.136610e+03 2.217608e-01
1.155000e+03 2.300939e-01
1.173680e+03 2.387375e-01
1.192660e+03 2.477071e-01
1.211950e+03 2.570125e-01
1.231550e+03 2.666656e-01
1.251470e+03 2.766792e-01
1.271720e+03 2.870633e-01
1.292290e+03 2.978246e-01
1.313190e+03 3.089926e-01
1.334430e+03 3.205795e-01
1.356010e+03 3.325984e-01
1.377940e+03 3.450723e-01
1.400230e+03 3.580119e-01
1.422880e+03 3.714367e-01
1.445890e+03 3.853626e-01
1.469280e+03 3.997999e-01
1.493040e+03 4.147577e-01
1.517190e+03 4.301897e-01
1.541730e+03 4.461793e-01
1.566670e+03 4.627670e-01
1.592010e+03 4.799690e-01
1.617760e+03 4.978166e-01
1.643920e+03 5.163323e-01
1.670510e+03 5.355189e-01
1.697530e+03 5.554246e-01
1.724990e+03 5.760829e-01
1.752890e+03 5.978694e-01
1.781240e+03 6.206154e-01
1.810050e+03 6.443297e-01
1.839320e+03 6.689410e-01
1.869070e+03 6.944934e-01
1.899300e+03 7.210411e-01
1.930020e+03 7.485953e-01
1.961240e+03 7.771974e-01
1.992960e+03 8.068862e-01
2.025200e+03 8.373218e-01
2.057950e+03 8.697102e-01
2.091240e+03 9.035322e-01
2.125060e+03 9.387371e-01
2.159430e+03 9.754600e-01
2.194360e+03 1.013704e+00
2.229850e+03 1.053600e+00
2.265920e+03 1.095125e+00
2.302570e+03 1.138483e+00
2.339810e+03 1.183715e+00
2.377660e+03 1.230859e+00
2.416110e+03 1.280071e+00
2.455190e+03 1.331396e+00
2.494900e+03 1.385010e+00
2.535260e+03 1.440966e+00
2.576260e+03 1.499395e+00
2.617930e+03 1.560415e+00
2.660270e+03 1.624157e+00
2.703300e+03 1.690781e+00
2.747030e+03 1.760403e+00
2.791460e+03 1.833183e+00
2.836610e+03 1.909278e+00
2.882490e+03 1.988894e+00
2.929110e+03 2.072193e+00
2.976480e+03 2.159362e+00
3.024630e+03 2.250633e+00
3.073550e+03 2.346188e+00
3.123260e+03 2.446318e+00
3.173780e+03 2.551246e+00
3.225110e+03 2.661210e+00
3.277270e+03 2.776536e+00
3.330280e+03 2.897577e+00
3.384150e+03 3.024572e+00
3.438880e+03 3.157898e+00
3.494500e+03 3.297885e+00
3.551020e+03 3.445033e+00
3.608460e+03 3.599816e+00
3.666820e+03 3.762456e+00
3.726130e+03 3.933611e+00
3.786400e+03 4.113916e+00
3.847640e+03 4.303890e+00
3.909870e+03 4.504064e+00
3.928700e+03 4.565798e+00
3.928900e+03 1.401765e+00
3.973110e+03 1.442978e+00
4.037380e+03 1.504217e+00
4.102680e+03 1.568042e+00
4.156000e+03 1.621385e+00
4.156200e+03 1.180407e+00
4.169030e+03 1.189716e+00
4.236460e+03 1.239348e+00
4.304980e+03 1.290973e+00
4.374620e+03 1.344666e+00
4.445370e+03 1.400766e+00
4.464600e+03 1.416250e+00
4.464800e+03 1.256796e+00
4.517270e+03 1.291873e+00
4.590330e+03 1.341629e+00
4.664580e+03 1.393633e+00
4.740030e+03 1.448036e+00
4.816690e+03 1.504894e+00
4.894600e+03 1.564342e+00
4.973770e+03 1.626514e+00
5.054210e+03 1.691506e+00
5.135960e+03 1.759437e+00
5.219030e+03 1.830449e+00
5.303440e+03 1.904680e+00
5.389220e+03 1.982326e+00
5.476390e+03 2.063481e+00
5.564970e+03 2.148283e+00
5.654980e+03 2.236985e+00
5.746440e+03 2.329711e+00
5.839390e+03 2.426666e+00
5.933830e+03 2.528010e+00
6.029810e+03 2.633972e+00
6.127330e+03 2.744760e+00
6.226440e+03 2.860627e+00
6.327150e+03 2.981751e+00
6.429480e+03 3.108362e+00
6.533480e+03 3.240810e+00
6.639150e+03 3.379325e+00
6.746540e+03 3.524084e+00
6.855650e+03 3.675483e+00
6.966540e+03 3.833839e+00
7.079220e+03 3.999415e+00
7.193720e+03 4.172587e+00
7.310070e+03 4.353583e+00
7.428310e+03 4.543006e+00
7.548450e+03 4.741007e+00
7.670540e+03 4.948158e+00
7.794610e+03 5.164817e+00
7.920680e+03 5.391288e+00
8.048790e+03 5.628376e+00
8.178980e+03 5.876204e+00
8.311260e+03 6.135319e+00
8.445690e+03 6.406537e+00
8.582290e+03 6.690021e+00
8.721110e+03 6.986663e+00
8.862160e+03 7.296976e+00
9.005500e+03 7.621385e+00
9.151160e+03 7.961073e+00
9.299170e+03 8.316165e+00
9.449580e+03 8.687527e+00
9.602420e+03 9.076175e+00
9.757730e+03 9.482727e+00
9.915550e+03 9.907318e+00
1.007590e+04 1.035201e+01
1.023890e+04 1.081726e+01
1.040450e+04 1.130390e+01
1.057280e+04 1.181299e+01
1.074380e+04 1.234550e+01
1.091760e+04 1.290257e+01
1.109420e+04 1.348535e+01
1.127360e+04 1.409490e+01
1.145590e+04 1.473248e+01
1.164120e+04 1.539953e+01
1.182950e+04 1.609734e+01
1.202080e+04 1.682723e+01
1.221530e+04 1.759082e+01
1.241280e+04 1.838942e+01
1.261360e+04 1.922492e+01
1.281760e+04 2.009880e+01
1.302500e+04 2.101306e+01
1.323560e+04 2.196916e+01
1.344970e+04 2.296926e+01
1.366720e+04 2.401534e+01
1.388830e+04 2.510960e+01
1.411290e+04 2.625402e+01
1.434120e+04 2.745112e+01
1.457310e+04 2.870294e+01
1.480890e+04 3.001243e+01
1.504840e+04 3.138181e+01
1.529180e+04 3.281394e+01
1.553910e+04 3.431152e+01
1.579040e+04 3.587762e+01
1.604580e+04 3.751547e+01
1.630540e+04 3.922850e+01
1.656910e+04 4.101930e+01
1.683710e+04 4.289208e+01
1.710940e+04 4.485024e+01
1.738610e+04 4.689727e+01
1.766740e+04 4.903805e+01
1.795310e+04 5.127597e+01
1.824350e+04 5.361562e+01
1.853860e+04 5.606124e+01
1.883840e+04 5.861775e+01
1.914310e+04 6.129005e+01
1.945270e+04 6.408362e+01
1.976740e+04 6.700327e+01
2.008710e+04 7.005467e+01
2.041200e+04 7.324367e+01
2.074210e+04 7.657630e+01
2.107760e+04 8.005893e+01
2.141850e+04 8.369733e+01
2.176500e+04 8.749966e+01
2.211700e+04 9.147177e+01
2.247470e+04 9.562138e+01
2.283820e+04 9.995643e+01
2.320760e+04 1.044847e+02
2.358300e+04 1.092146e+02
2.396440e+04 1.141542e+02
2.435200e+04 1.193130e+02
2.474590e+04 1.247003e+02
2.514620e+04 1.303256e+02
2.555290e+04 1.361984e+02
2.596620e+04 1.423298e+02
2.638610e+04 1.487301e+02
2.681290e+04 1.554110e+02
2.724660e+04 1.623843e+02
2.768730e+04 1.696612e+02
2.813510e+04 1.772550e+02
2.859020e+04 1.851786e+02
2.905260e+04 1.934452e+02
2.920000e+04 1.961285e+02
2.920020e+04 3.175636e+01
2.952250e+04 3.266546e+01
3.000000e+04 3.404135e+01
