# material=Ti density=4.507
# Photon Energy [eV]  Attenuation Length [um]
1.000000e+01 1.664086e-02
1.014280e+01 1.659639e-02
1.030680e+01 1.654604e-02
1.047350e+01 1.649594e-02
1.064290e+01 1.644603e-02
1.081510e+01 1.639630e-02
1.099000e+01 1.625536e-02
1.116770e+01 1.608266e-02
1.134840e+01 1.591199e-02
1.153190e+01 1.574292e-02
1.171840e+01 1.557569e-02
1.190800e+01 1.541039e-02
1.210060e+01 1.524671e-02
1.229630e+01 1.508482e-02
1.249520e+01 1.492652e-02
1.269730e+01 1.482359e-02
1.290260e+01 1.472136e-02
1.311130e+01 1.461990e-02
1.332340e+01 1.451919e-02
1.353890e+01 1.441914e-02
1.375790e+01 1.431980e-02
1.398040e+01 1.429941e-02
1.420650e+01 1.446028e-02
1.443630e+01 1.462301e-02
1.466980e+01 1.478754e-02
1.490710e+01 1.495394e-02
1.514820e+01 1.512217e-02
1.539320e+01 1.529229e-02
1.564220e+01 1.546436e-02
1.589520e+01 1.563834e-02
1.615230e+01 1.581429e-02
1.641350e+01 1.599217e-02
1.667900e+01 1.617213e-02
1.694870e+01 1.648143e-02
1.722290e+01 1.684445e-02
1.750140e+01 1.721536e-02
1.778450e+01 1.759457e-02
1.807220e+01 1.798211e-02
1.836450e+01 1.837816e-02
1.866150e+01 1.878284e-02
1.896330e+01 1.951622e-02
1.927010e+01 2.032629e-02
1.958170e+01 2.116980e-02
1.989850e+01 2.204855e-02
2.022030e+01 2.296354e-02
2.054730e+01 2.425654e-02
2.087970e+01 2.575520e-02
2.121740e+01 2.734627e-02
2.156060e+01 2.903591e-02
2.190930e+01 3.082959e-02
2.226370e+01 3.222794e-02
2.262370e+01 3.313139e-02
2.298970e+01 3.406047e-02
2.336150e+01 3.501520e-02
2.373940e+01 3.599697e-02
2.412330e+01 3.700597e-02
2.451350e+01 3.804343e-02
2.491000e+01 3.911017e-02
2.531290e+01 4.025383e-02
2.572230e+01 4.160854e-02
2.613830e+01 4.300891e-02
2.656110e+01 4.445642e-02
2.699070e+01 4.595255e-02
2.742730e+01 4.749915e-02
2.787090e+01 4.909783e-02
2.832170e+01 5.073153e-02
2.877970e+01 5.231945e-02
2.924520e+01 5.395738e-02
2.971830e+01 5.564625e-02
3.019890e+01 5.738831e-02
3.068740e+01 5.918471e-02
3.118370e+01 6.103741e-02
3.168810e+01 6.294785e-02
3.202890e+01 6.425499e-02
3.245660e+01 4.682160e-02
3.289000e+01 3.472331e-02
3.331750e+01 2.695541e-02
3.385640e+01 2.386589e-02
3.440400e+01 2.180294e-02
3.496040e+01 2.126047e-02
3.552590e+01 2.047322e-02
3.610050e+01 1.828796e-02
3.668440e+01 1.633591e-02
3.727770e+01 1.456861e-02
3.788070e+01 1.257147e-02
3.849340e+01 1.085651e-02
3.911600e+01 9.749489e-03
3.974860e+01 8.755381e-03
4.039150e+01 7.866437e-03
4.104480e+01 7.072793e-03
4.170870e+01 6.782468e-03
4.238330e+01 6.645374e-03
4.306880e+01 6.511013e-03
4.376540e+01 6.379373e-03
4.447330e+01 6.360816e-03
4.519260e+01 6.360819e-03
4.592360e+01 6.360837e-03
4.666640e+01 6.360848e-03
4.742110e+01 6.472666e-03
4.818810e+01 6.586439e-03
4.896750e+01 6.702225e-03
4.975960e+01 7.053656e-03
5.056440e+01 7.613303e-03
5.138220e+01 8.217341e-03
5.221330e+01 9.093633e-03
5.305780e+01 1.025366e-02
5.391600e+01 1.156161e-02
5.478800e+01 1.324736e-02
5.567420e+01 1.517877e-02
5.657460e+01 1.739181e-02
5.748970e+01 2.094498e-02
5.841950e+01 2.522391e-02
5.936440e+01 2.770372e-02
6.032460e+01 2.996380e-02
6.130030e+01 3.240823e-02
6.229180e+01 3.517734e-02
6.329930e+01 3.919466e-02
6.432310e+01 4.367071e-02
6.536350e+01 4.708141e-02
6.642070e+01 5.048067e-02
6.749500e+01 5.412513e-02
6.858670e+01 5.651226e-02
6.969600e+01 5.874358e-02
7.082330e+01 6.106327e-02
7.196880e+01 6.347466e-02
7.313280e+01 6.598109e-02
7.431570e+01 6.748641e-02
7.551770e+01 6.858091e-02
7.673910e+01 6.969288e-02
7.798030e+01 7.082317e-02
7.924160e+01 7.197181e-02
8.052330e+01 7.301637e-02
8.182570e+01 7.333317e-02
8.314910e+01 7.365146e-02
8.449400e+01 7.397098e-02
8.586060e+01 7.429199e-02
8.724930e+01 7.461440e-02
8.866050e+01 7.493811e-02
9.009450e+01 7.526320e-02
9.155170e+01 7.612524e-02
9.303250e+01 7.701375e-02
9.453720e+01 7.791233e-02
9.606630e+01 7.882146e-02
9.762010e+01 7.974119e-02
9.919900e+01 8.067166e-02
1.008030e+02 8.161266e-02
1.024340e+02 8.256553e-02
1.040910e+02 8.352927e-02
1.057740e+02 8.456309e-02
1.074850e+02 8.561882e-02
1.092240e+02 8.668805e-02
1.109900e+02 8.776978e-02
1.127850e+02 8.886543e-02
1.146100e+02 8.997530e-02
1.164630e+02 9.109791e-02
1.183470e+02 9.223542e-02
1.202610e+02 9.338684e-02
1.222060e+02 9.455247e-02
1.241830e+02 9.524818e-02
1.261910e+02 9.592543e-02
1.282320e+02 9.660779e-02
1.303070e+02 9.729600e-02
1.324140e+02 9.798768e-02
1.345560e+02 9.868506e-02
1.367320e+02 9.938682e-02
1.389440e+02 1.004056e-01
1.411910e+02 1.017326e-01
1.434750e+02 1.030775e-01
1.457950e+02 1.044399e-01
1.481530e+02 1.058200e-01
1.505500e+02 1.072192e-01
1.529850e+02 1.086364e-01
1.554590e+02 1.100721e-01
1.579730e+02 1.115267e-01
1.605290e+02 1.130015e-01
1.631250e+02 1.144949e-01
1.657630e+02 1.166456e-01
1.684440e+02 1.189983e-01
1.711690e+02 1.213991e-01
1.739370e+02 1.238478e-01
1.767510e+02 1.263465e-01
1.796090e+02 1.288944e-01
1.825150e+02 1.314684e-01
1.854670e+02 1.339649e-01
1.884660e+02 1.365081e-01
1.915150e+02 1.391006e-01
1.946120e+02 1.417411e-01
1.977600e+02 1.444328e-01
2.009590e+02 1.478964e-01
2.042090e+02 1.518017e-01
2.075120e+02 1.558104e-01
2.108680e+02 1.599251e-01
2.142790e+02 1.641482e-01
2.177450e+02 1.684832e-01
2.212660e+02 1.736593e-01
2.248450e+02 1.790071e-01
2.284820e+02 1.845201e-01
2.321770e+02 1.902022e-01
2.359330e+02 1.960595e-01
2.397490e+02 2.012689e-01
2.436260e+02 2.064956e-01
2.475670e+02 2.118595e-01
2.515710e+02 2.173621e-01
2.556400e+02 2.230078e-01
2.597750e+02 2.292111e-01
2.639770e+02 2.359017e-01
2.682460e+02 2.427873e-01
2.725850e+02 2.498750e-01
2.769940e+02 2.571690e-01
2.814740e+02 2.647605e-01
2.860260e+02 2.725898e-01
2.906530e+02 2.806524e-01
2.953540e+02 2.889525e-01
3.001310e+02 2.974972e-01
3.049850e+02 3.062963e-01
3.099180e+02 3.153831e-01
3.149310e+02 3.248421e-01
3.200250e+02 3.345856e-01
3.252010e+02 3.446210e-01
3.304610e+02 3.549569e-01
3.358050e+02 3.656013e-01
3.412370e+02 3.765672e-01
3.467560e+02 3.878605e-01
3.523650e+02 3.994955e-01
3.580640e+02 4.138389e-01
3.638550e+02 4.296956e-01
3.697400e+02 4.461588e-01
3.757200e+02 4.632530e-01
3.817970e+02 4.810027e-01
3.879730e+02 4.985004e-01
3.942480e+02 5.132389e-01
4.006250e+02 5.291417e-01
4.071040e+02 5.458255e-01
4.136890e+02 5.630321e-01
4.203800e+02 5.807857e-01
4.271790e+02 5.990992e-01
4.340890e+02 6.179933e-01
4.411100e+02 6.374782e-01
4.482440e+02 6.575739e-01
4.537000e+02 6.731449e-01
4.539000e+02 7.324145e-02
4.554940e+02 7.379779e-02
4.628610e+02 7.639891e-02
4.703480e+02 7.909179e-02
4.779550e+02 8.187933e-02
4.856860e+02 8.476584e-02
4.935410e+02 8.775394e-02
5.015240e+02 9.084632e-02
5.096360e+02 9.404775e-02
5.178790e+02 9.736359e-02
5.262550e+02 1.007982e-01
5.347670e+02 1.043505e-01
5.434160e+02 1.080268e-01
5.522060e+02 1.118337e-01
5.611370e+02 1.121139e-01
5.702130e+02 1.107500e-01
5.794360e+02 1.094019e-01
5.888080e+02 1.112980e-01
5.983310e+02 1.153071e-01
6.080090e+02 1.194617e-01
6.178430e+02 1.237650e-01
6.278360e+02 1.282308e-01
6.379900e+02 1.329448e-01
6.483090e+02 1.379632e-01
6.587950e+02 1.432604e-01
6.694510e+02 1.487680e-01
6.802790e+02 1.541383e-01
6.912820e+02 1.594324e-01
7.024630e+02 1.648629e-01
7.138240e+02 1.708983e-01
7.253700e+02 1.774499e-01
7.371020e+02 1.842507e-01
7.490240e+02 1.913144e-01
7.611390e+02 1.986515e-01
7.734500e+02 2.062865e-01
7.859600e+02 2.142774e-01
7.986720e+02 2.226302e-01
8.115900e+02 2.313083e-01
8.247170e+02 2.403259e-01
8.380560e+02 2.496948e-01
8.516110e+02 2.594518e-01
8.653850e+02 2.696154e-01
8.793820e+02 2.801997e-01
8.936050e+02 2.912024e-01
9.080580e+02 3.026363e-01
9.227460e+02 3.145176e-01
9.376700e+02 3.270959e-01
9.528360e+02 3.402359e-01
9.682480e+02 3.539574e-01
9.839080e+02 3.682313e-01
9.998220e+02 3.830724e-01
1.015990e+03 3.985016e-01
1.032430e+03 4.144772e-01
1.049130e+03 4.312451e-01
1.066090e+03 4.488596e-01
1.083340e+03 4.671982e-01
1.100860e+03 4.862810e-01
1.118660e+03 5.061399e-01
1.136760e+03 5.268211e-01
1.155140e+03 5.483378e-01
1.173830e+03 5.707363e-01
1.192810e+03 5.940502e-01
1.212110e+03 6.183216e-01
1.231710e+03 6.435768e-01
1.251630e+03 6.700343e-01
1.271880e+03 6.977690e-01
1.292450e+03 7.268796e-01
1.313350e+03 7.572025e-01
1.334600e+03 7.888047e-01
1.356180e+03 8.217242e-01
1.378120e+03 8.560163e-01
1.400410e+03 8.917378e-01
1.423060e+03 9.289558e-01
1.446070e+03 9.677065e-01
1.469460e+03 1.008201e+00
1.493230e+03 1.050591e+00
1.517380e+03 1.095676e+00
1.541930e+03 1.142819e+00
1.566860e+03 1.191966e+00
1.592210e+03 1.243246e+00
1.617960e+03 1.296726e+00
1.644130e+03 1.352514e+00
1.670720e+03 1.410661e+00
1.697740e+03 1.471322e+00
1.725200e+03 1.534652e+00
1.753110e+03 1.601219e+00
1.781460e+03 1.670829e+00
1.810280e+03 1.743577e+00
1.839560e+03 1.819501e+00
1.869310e+03 1.898744e+00
1.899540e+03 1.981468e+00
1.930270e+03 2.067801e+00
1.961490e+03 2.157885e+00
1.993210e+03 2.251870e+00
2.000000e+03 2.272307e+00
2.026000e+03 2.350877e+00
2.052000e+03 2.432261e+00
2.079000e+03 2.518652e+00
2.106000e+03 2.607023e+00
2.134000e+03 2.700737e+00
2.161000e+03 2.793158e+00
2.190000e+03 2.894606e+00
2.218000e+03 2.994836e+00
2.247000e+03 3.100898e+00
2.277000e+03 3.213172e+00
2.306000e+03 3.324126e+00
2.337000e+03 3.445441e+00
2.367000e+03 3.565482e+00
2.398000e+03 3.692349e+00
2.429000e+03 3.822042e+00
2.461000e+03 3.958929e+00
2.493000e+03 4.098999e+00
2.526000e+03 4.246656e+00
2.559000e+03 4.397659e+00
2.592000e+03 4.552129e+00
2.626000e+03 4.714824e+00
2.660000e+03 4.881115e+00
2.695000e+03 5.056326e+00
2.730000e+03 5.235401e+00
2.766000e+03 5.423789e+00
2.802000e+03 5.616563e+00
2.839000e+03 5.819116e+00
2.876000e+03 6.026163e+00
2.914000e+03 6.243931e+00
2.952000e+03 6.466502e+00
2.990000e+03 6.694003e+00
3.029000e+03 6.932908e+00
3.069000e+03 7.183415e+00
3.109000e+03 7.439661e+00
3.150000e+03 7.708500e+00
3.191000e+03 7.983385e+00
3.232000e+03 8.264395e+00
3.275000e+03 8.565926e+00
3.317000e+03 8.866843e+00
3.361000e+03 9.189666e+00
3.405000e+03 9.519696e+00
3.449000e+03 9.857208e+00
3.494000e+03 1.021060e+01
3.540000e+03 1.057966e+01
3.586000e+03 1.095743e+01
3.633000e+03 1.135213e+01
3.680000e+03 1.175636e+01
3.729000e+03 1.218709e+01
3.777000e+03 1.261821e+01
3.827000e+03 1.307863e+01
3.877000e+03 1.354906e+01
3.927000e+03 1.402972e+01
3.979000e+03 1.454191e+01
4.031000e+03 1.506627e+01
4.083000e+03 1.560240e+01
4.137000e+03 1.617098e+01
4.191000e+03 1.675472e+01
4.245000e+03 1.735091e+01
4.301000e+03 1.798233e+01
4.357000e+03 1.863010e+01
4.414000e+03 1.930446e+01
4.472000e+03 2.000595e+01
4.530000e+03 2.072351e+01
4.589000e+03 2.147161e+01
4.649000e+03 2.225001e+01
4.710000e+03 2.305964e+01
4.771000e+03 2.388813e+01
4.834000e+03 2.476376e+01
4.897000e+03 2.566025e+01
4.961000e+03 2.659244e+01
4.966300e+03 2.667064e+01
4.966500e+03 3.105621e+00
5.026000e+03 3.197425e+00
5.091000e+03 3.299514e+00
5.158000e+03 3.407246e+00
5.225000e+03 3.517552e+00
5.294000e+03 3.633870e+00
5.363000e+03 3.752935e+00
5.433000e+03 3.876545e+00
5.504000e+03 4.004943e+00
5.576000e+03 4.138283e+00
5.649000e+03 4.276681e+00
5.722000e+03 4.418413e+00
5.797000e+03 4.567395e+00
5.873000e+03 4.721953e+00
5.950000e+03 4.882393e+00
6.027000e+03 5.046649e+00
6.106000e+03 5.219150e+00
6.186000e+03 5.398060e+00
6.267000e+03 5.583510e+00
6.349000e+03 5.775800e+00
6.432000e+03 5.975232e+00
6.516000e+03 6.181827e+00
6.601000e+03 6.395850e+00
6.687000e+03 6.617532e+00
6.774000e+03 6.847293e+00
6.863000e+03 7.088138e+00
6.952000e+03 7.334662e+00
7.043000e+03 7.592700e+00
7.135000e+03 7.860049e+00
7.229000e+03 8.139786e+00
7.323000e+03 8.426376e+00
7.419000e+03 8.726293e+00
7.516000e+03 9.036591e+00
7.614000e+03 9.357874e+00
7.713000e+03 9.690146e+00
7.814000e+03 1.003738e+01
7.916000e+03 1.039673e+01
8.019000e+03 1.076808e+01
8.124000e+03 1.115636e+01
8.230000e+03 1.155794e+01
8.338000e+03 1.197719e+01
8.447000e+03 1.241072e+01
8.557000e+03 1.285881e+01
8.669000e+03 1.332608e+01
8.782000e+03 1.380965e+01
8.897000e+03 1.431304e+01
9.013000e+03 1.483457e+01
9.131000e+03 1.537747e+01
9.250000e+03 1.593862e+01
9.371000e+03 1.652264e+01
9.494000e+03 1.713256e+01
9.618000e+03 1.776208e+01
9.743000e+03 1.841205e+01
9.900580e+03 1.925466e+01
1.006070e+04 2.013724e+01
1.022340e+04 2.106187e+01
1.038880e+04 2.203077e+01
1.055680e+04 2.304558e+01
1.072760e+04 2.410909e+01
1.090110e+04 2.522312e+01
1.107740e+04 2.639049e+01
1.125660e+04 2.761371e+01
1.143860e+04 2.889520e+01
1.162360e+04 3.023831e+01
1.181170e+04 3.164606e+01
1.200270e+04 3.312098e+01
1.219680e+04 3.466673e+01
1.239410e+04 3.628688e+01
1.259460e+04 3.798500e+01
1.279830e+04 3.976463e+01
1.300530e+04 4.163001e+01
1.321560e+04 4.358508e+01
1.342940e+04 4.563477e+01
1.364660e+04 4.778312e+01
1.386730e+04 5.003513e+01
1.409160e+04 5.239610e+01
1.431950e+04 5.487107e+01
1.455110e+04 5.746581e+01
1.478650e+04 6.018642e+01
1.502560e+04 6.303840e+01
1.526870e+04 6.602913e+01
1.551560e+04 6.916445e+01
1.576660e+04 7.245224e+01
1.602160e+04 7.589966e+01
1.628070e+04 7.951433e+01
1.654410e+04 8.330539e+01
1.681160e+04 8.727998e+01
1.708360e+04 9.144926e+01
1.735990e+04 9.582091e+01
1.764060e+04 1.004054e+02
1.792600e+04 1.052145e+02
1.821590e+04 1.102575e+02
1.851050e+04 1.155469e+02
1.880990e+04 1.210952e+02
1.911420e+04 1.269150e+02
1.942330e+04 1.330187e+02
1.973750e+04 1.394220e+02
2.005670e+04 1.461382e+02
2.038110e+04 1.531842e+02
2.071080e+04 1.605761e+02
2.104570e+04 1.683297e+02
2.138610e+04 1.764645e+02
2.173200e+04 1.849991e+02
2.208350e+04 1.939528e+02
2.244070e+04 2.033474e+02
2.280370e+04 2.132045e+02
2.317250e+04 2.235467e+02
2.354730e+04 2.343990e+02
2.392820e+04 2.457858e+02
2.431520e+04 2.577340e+02
2.470850e+04 2.702729e+02
2.510810e+04 2.834305e+02
2.551420e+04 2.972384e+02
2.592690e+04 3.117287e+02
2.634620e+04 3.269357e+02
2.677240e+04 3.428963e+02
2.720540e+04 3.596463e+02
2.764540e+04 3.772272e+02
2.809260e+04 3.956812e+02
2.854690e+04 4.150485e+02
2.900870e+04 4.353790e+02
2.947790e+04 4.567176e+02
2.995460e+04 4.791152e+02
3.000000e+04 4.812871e+02
