# material=W density=19.25
# Photon Energy [eV]  Attenuation Length [um]
1.000000e+01 1.178649e-02
1.016170e+01 1.147653e-02
1.032610e+01 1.117478e-02
1.049310e+01 1.090249e-02
1.066280e+01 1.067183e-02
1.083530e+01 1.044613e-02
1.101050e+01 1.022515e-02
1.118860e+01 1.000888e-02
1.136960e+01 9.797175e-03
1.155350e+01 9.589958e-03
1.174040e+01 9.411879e-03
1.193030e+01 9.303734e-03
1.212320e+01 9.196769e-03
1.231930e+01 9.091122e-03
1.251860e+01 8.986689e-03
1.272100e+01 8.883365e-03
1.292680e+01 8.781332e-03
1.313590e+01 8.680440e-03
1.334830e+01 8.580646e-03
1.356420e+01 8.482064e-03
1.378360e+01 8.384609e-03
1.400660e+01 8.288287e-03
1.423310e+01 8.193035e-03
1.446330e+01 8.098887e-03
1.469720e+01 8.005823e-03
1.493500e+01 7.913861e-03
1.517650e+01 7.822904e-03
1.542200e+01 7.733030e-03
1.567140e+01 7.688769e-03
1.592490e+01 7.648296e-03
1.618250e+01 7.608035e-03
1.644420e+01 7.567946e-03
1.671020e+01 7.528119e-03
1.698050e+01 7.505346e-03
1.725510e+01 7.541778e-03
1.753420e+01 7.578414e-03
1.781780e+01 7.615220e-03
1.810600e+01 7.652204e-03
1.839880e+01 7.689348e-03
1.869640e+01 7.726687e-03
1.899880e+01 7.765528e-03
1.930610e+01 7.848937e-03
1.961840e+01 7.933269e-03
1.993570e+01 8.018474e-03
2.025810e+01 8.104598e-03
2.058580e+01 8.191657e-03
2.091870e+01 8.319197e-03
2.125710e+01 8.522308e-03
2.160090e+01 8.730361e-03
2.195030e+01 8.943504e-03
2.230530e+01 9.161006e-03
2.266610e+01 9.328164e-03
2.303270e+01 9.498380e-03
2.340520e+01 9.671677e-03
2.378380e+01 9.848155e-03
2.416850e+01 1.017263e-02
2.455940e+01 1.059134e-02
2.495660e+01 1.102729e-02
2.536020e+01 1.147307e-02
2.577040e+01 1.186039e-02
2.618720e+01 1.226077e-02
2.661080e+01 1.267471e-02
2.704120e+01 1.310258e-02
2.747860e+01 1.351840e-02
2.792300e+01 1.390352e-02
2.837470e+01 1.429966e-02
2.883360e+01 1.470702e-02
2.930000e+01 1.519934e-02
2.977390e+01 1.581043e-02
3.025540e+01 1.644603e-02
3.074480e+01 1.710725e-02
3.124210e+01 1.775764e-02
3.174740e+01 1.834426e-02
3.226090e+01 1.895023e-02
3.278270e+01 1.951116e-02
3.331290e+01 1.992616e-02
3.385170e+01 2.034997e-02
3.439920e+01 2.078282e-02
3.495560e+01 2.077900e-02
3.552100e+01 2.038654e-02
3.609550e+01 2.000145e-02
3.667930e+01 1.962369e-02
3.727260e+01 1.770591e-02
3.787540e+01 1.570607e-02
3.848800e+01 1.376118e-02
3.911060e+01 1.205711e-02
3.974310e+01 1.056401e-02
4.038600e+01 8.796925e-03
4.103920e+01 7.879203e-03
4.170290e+01 7.857400e-03
4.237740e+01 7.835584e-03
4.306290e+01 8.230833e-03
4.375940e+01 8.725200e-03
4.446710e+01 9.602833e-03
4.518640e+01 9.892304e-03
4.591720e+01 1.005384e-02
4.665990e+01 9.836483e-03
4.741460e+01 9.351640e-03
4.818150e+01 8.739584e-03
4.896080e+01 8.103185e-03
4.975270e+01 7.513109e-03
5.055740e+01 7.072241e-03
5.137510e+01 6.909176e-03
5.220610e+01 6.867353e-03
5.305050e+01 7.002171e-03
5.390850e+01 7.139627e-03
5.478040e+01 7.353586e-03
5.566650e+01 7.696557e-03
5.656680e+01 8.055568e-03
5.748170e+01 8.431285e-03
5.841150e+01 8.824542e-03
5.935620e+01 9.236127e-03
6.031630e+01 9.666881e-03
6.129180e+01 1.011774e-02
6.228320e+01 1.058965e-02
6.329060e+01 1.108361e-02
6.431420e+01 1.160051e-02
6.535450e+01 1.217981e-02
6.641150e+01 1.283769e-02
6.748570e+01 1.353101e-02
6.857720e+01 1.426191e-02
6.968640e+01 1.503230e-02
7.081350e+01 1.584424e-02
7.195880e+01 1.670395e-02
7.312270e+01 1.772529e-02
7.430540e+01 1.880909e-02
7.550720e+01 1.995914e-02
7.672850e+01 2.117953e-02
7.796950e+01 2.247452e-02
7.923060e+01 2.384872e-02
8.051210e+01 2.530691e-02
8.181430e+01 2.646231e-02
8.313760e+01 2.760889e-02
8.448230e+01 2.880512e-02
8.584870e+01 3.005315e-02
8.723730e+01 3.084149e-02
8.864830e+01 3.144697e-02
9.008210e+01 3.206435e-02
9.153910e+01 3.269383e-02
9.301970e+01 3.267262e-02
9.452420e+01 3.261492e-02
9.605300e+01 3.255730e-02
9.760660e+01 3.249983e-02
9.918530e+01 3.235587e-02
1.007900e+02 3.219093e-02
1.024200e+02 3.202658e-02
1.040760e+02 3.186297e-02
1.057600e+02 3.170060e-02
1.074700e+02 3.153865e-02
1.092080e+02 3.137764e-02
1.109750e+02 3.116246e-02
1.127700e+02 3.091663e-02
1.145940e+02 3.067271e-02
1.164470e+02 3.043058e-02
1.183310e+02 3.019066e-02
1.202450e+02 2.995250e-02
1.221890e+02 2.971597e-02
1.241660e+02 2.948168e-02
1.261740e+02 2.924904e-02
1.282150e+02 2.901831e-02
1.302880e+02 2.881338e-02
1.323960e+02 2.863991e-02
1.345370e+02 2.846704e-02
1.367130e+02 2.829538e-02
1.389240e+02 2.812486e-02
1.411710e+02 2.795508e-02
1.434550e+02 2.778670e-02
1.457750e+02 2.761919e-02
1.481330e+02 2.745265e-02
1.505290e+02 2.728726e-02
1.529630e+02 2.715182e-02
1.554380e+02 2.704933e-02
1.579520e+02 2.694691e-02
1.605060e+02 2.684484e-02
1.631020e+02 2.674335e-02
1.657400e+02 2.670228e-02
1.684210e+02 2.666905e-02
1.711450e+02 2.663578e-02
1.739130e+02 2.660248e-02
1.767260e+02 2.664362e-02
1.795850e+02 2.669358e-02
1.824890e+02 2.674339e-02
1.854410e+02 2.679330e-02
1.884400e+02 2.681502e-02
1.914880e+02 2.682506e-02
1.945850e+02 2.683520e-02
1.977330e+02 2.684552e-02
2.009310e+02 2.685573e-02
2.041810e+02 2.686592e-02
2.074830e+02 2.690159e-02
2.108390e+02 2.694222e-02
2.142490e+02 2.698295e-02
2.177140e+02 2.702374e-02
2.212360e+02 2.706464e-02
2.248140e+02 2.710553e-02
2.284500e+02 2.714659e-02
2.321450e+02 2.718765e-02
2.359000e+02 2.722865e-02
2.397160e+02 2.726995e-02
2.435930e+02 2.731112e-02
2.475330e+02 2.735248e-02
2.515360e+02 2.739375e-02
2.556050e+02 2.743521e-02
2.597390e+02 2.747661e-02
2.639400e+02 2.751826e-02
2.682090e+02 2.755984e-02
2.725470e+02 2.786442e-02
2.769550e+02 2.818481e-02
2.814350e+02 2.850893e-02
2.859870e+02 2.883669e-02
2.906120e+02 2.916813e-02
2.953130e+02 2.950361e-02
3.000890e+02 2.984270e-02
3.049430e+02 3.020062e-02
3.098750e+02 3.058709e-02
3.148870e+02 3.097861e-02
3.199800e+02 3.137507e-02
3.251560e+02 3.177674e-02
3.304150e+02 3.218328e-02
3.357590e+02 3.259525e-02
3.411900e+02 3.302262e-02
3.467080e+02 3.346335e-02
3.523160e+02 3.391002e-02
3.580140e+02 3.436270e-02
3.638050e+02 3.482148e-02
3.696890e+02 3.527917e-02
3.756690e+02 3.564287e-02
3.817450e+02 3.601024e-02
3.879190e+02 3.638139e-02
3.941930e+02 3.675639e-02
4.005690e+02 3.713518e-02
4.070480e+02 3.751789e-02
4.136320e+02 3.790476e-02
4.203220e+02 3.826935e-02
4.271200e+02 3.863410e-02
4.340290e+02 3.900255e-02
4.410490e+02 3.937427e-02
4.481820e+02 3.974947e-02
4.554310e+02 4.029429e-02
4.627970e+02 4.097235e-02
4.702830e+02 4.172576e-02
4.778890e+02 4.249413e-02
4.856190e+02 4.327712e-02
4.934730e+02 4.407397e-02
5.014550e+02 4.488384e-02
5.095650e+02 4.571016e-02
5.178070e+02 4.656398e-02
5.261820e+02 4.747625e-02
5.346930e+02 4.849095e-02
5.433410e+02 4.956977e-02
5.521290e+02 5.066910e-02
5.610600e+02 5.182104e-02
5.701340e+02 5.297911e-02
5.793560e+02 5.391862e-02
5.887260e+02 5.480841e-02
5.982480e+02 5.566975e-02
6.079250e+02 5.654474e-02
6.177570e+02 5.743382e-02
6.277490e+02 5.835251e-02
6.379020e+02 5.948144e-02
6.482200e+02 6.092920e-02
6.587040e+02 6.261509e-02
6.693580e+02 6.434800e-02
6.801850e+02 6.602454e-02
6.911860e+02 6.766192e-02
7.023660e+02 6.932842e-02
7.137260e+02 7.116284e-02
7.252700e+02 7.313705e-02
7.370000e+02 7.516557e-02
7.489210e+02 7.725135e-02
7.610340e+02 7.939720e-02
7.733430e+02 8.162203e-02
7.858510e+02 8.397790e-02
7.985620e+02 8.646067e-02
8.114780e+02 8.901760e-02
8.246030e+02 9.165084e-02
8.379400e+02 9.436244e-02
8.514930e+02 9.717367e-02
8.652650e+02 1.000902e-01
8.792600e+02 1.031134e-01
8.934820e+02 1.062287e-01
9.079330e+02 1.094398e-01
9.226180e+02 1.127495e-01
9.375410e+02 1.162165e-01
9.527050e+02 1.198067e-01
9.681140e+02 1.235241e-01
9.837720e+02 1.273578e-01
9.996840e+02 1.313219e-01
1.015850e+03 1.354224e-01
1.032280e+03 1.397761e-01
1.048980e+03 1.443061e-01
1.065950e+03 1.490199e-01
1.083190e+03 1.538909e-01
1.100710e+03 1.589229e-01
1.118510e+03 1.641210e-01
1.136600e+03 1.694941e-01
1.154980e+03 1.750437e-01
1.173670e+03 1.807785e-01
1.192650e+03 1.867012e-01
1.211940e+03 1.928185e-01
1.231540e+03 1.991393e-01
1.251460e+03 2.057720e-01
1.271700e+03 2.127437e-01
1.292270e+03 2.201064e-01
1.313170e+03 2.277182e-01
1.334410e+03 2.355977e-01
1.355990e+03 2.437599e-01
1.377930e+03 2.522088e-01
1.400210e+03 2.609527e-01
1.422860e+03 2.700007e-01
1.445870e+03 2.793634e-01
1.469260e+03 2.890730e-01
1.493020e+03 2.991550e-01
1.517170e+03 3.096948e-01
1.541710e+03 3.206245e-01
1.566650e+03 3.319404e-01
1.591990e+03 3.436653e-01
1.617740e+03 3.558135e-01
1.643900e+03 3.683862e-01
1.670490e+03 3.814288e-01
1.697510e+03 3.949337e-01
1.724970e+03 4.089110e-01
1.752870e+03 4.235668e-01
1.781220e+03 4.387894e-01
1.809100e+03 4.540476e-01
1.809300e+03 1.498331e-01
1.810030e+03 1.499521e-01
1.839300e+03 1.547714e-01
1.869050e+03 1.597464e-01
1.871500e+03 1.601590e-01
1.871700e+03 1.080772e-01
1.899280e+03 1.119874e-01
1.930000e+03 1.164391e-01
1.961220e+03 1.210682e-01
1.992940e+03 1.258820e-01
2.000000e+03 1.269690e-01
2.026000e+03 1.309862e-01
2.052000e+03 1.351132e-01
2.079000e+03 1.394764e-01
2.106000e+03 1.439221e-01
2.134000e+03 1.486156e-01
2.161000e+03 1.532320e-01
2.190000e+03 1.582797e-01
2.218000e+03 1.632448e-01
2.247000e+03 1.684844e-01
2.277000e+03 1.740103e-01
2.280900e+03 1.747366e-01
2.281100e+03 1.499498e-01
2.306000e+03 1.542117e-01
2.337000e+03 1.596205e-01
2.367000e+03 1.649676e-01
2.398000e+03 1.705985e-01
2.429000e+03 1.763507e-01
2.461000e+03 1.824115e-01
2.493000e+03 1.885886e-01
2.526000e+03 1.950999e-01
2.559000e+03 2.017393e-01
2.574800e+03 2.049664e-01
2.575000e+03 1.918910e-01
2.592000e+03 1.950821e-01
2.626000e+03 2.015594e-01
2.660000e+03 2.081565e-01
2.695000e+03 2.150727e-01
2.730000e+03 2.221315e-01
2.766000e+03 2.295333e-01
2.802000e+03 2.370788e-01
2.819500e+03 2.408002e-01
2.819700e+03 2.305069e-01
2.839000e+03 2.342686e-01
2.876000e+03 2.415774e-01
2.914000e+03 2.492443e-01
2.952000e+03 2.570576e-01
2.990000e+03 2.650416e-01
3.029000e+03 2.733881e-01
3.069000e+03 2.821339e-01
3.109000e+03 2.910696e-01
3.150000e+03 3.004116e-01
3.191000e+03 3.099351e-01
3.232000e+03 3.196716e-01
3.275000e+03 3.300729e-01
3.317000e+03 3.404471e-01
3.361000e+03 3.515338e-01
3.405000e+03 3.628447e-01
3.449000e+03 3.744000e-01
3.494000e+03 3.864306e-01
3.540000e+03 3.990122e-01
3.586000e+03 4.118346e-01
3.633000e+03 4.251978e-01
3.680000e+03 4.388388e-01
3.729000e+03 4.533384e-01
3.777000e+03 4.678475e-01
3.827000e+03 4.832620e-01
3.877000e+03 4.989822e-01
3.927000e+03 5.150206e-01
3.979000e+03 5.320573e-01
4.031000e+03 5.494409e-01
4.083000e+03 5.671702e-01
4.137000e+03 5.859654e-01
4.191000e+03 6.051404e-01
4.245000e+03 6.246979e-01
4.301000e+03 6.454060e-01
4.357000e+03 6.665372e-01
4.414000e+03 6.884836e-01
4.472000e+03 7.112716e-01
4.530000e+03 7.345291e-01
4.589000e+03 7.586769e-01
4.649000e+03 7.837315e-01
4.710000e+03 8.097315e-01
4.771000e+03 8.362645e-01
4.834000e+03 8.642344e-01
4.897000e+03 8.927920e-01
4.961000e+03 9.223994e-01
5.026000e+03 9.530760e-01
5.091000e+03 9.843937e-01
5.158000e+03 1.017336e+00
5.225000e+03 1.050983e+00
5.294000e+03 1.086343e+00
5.363000e+03 1.122444e+00
5.433000e+03 1.159823e+00
5.504000e+03 1.198531e+00
5.576000e+03 1.238584e+00
5.649000e+03 1.280082e+00
5.722000e+03 1.322403e+00
5.797000e+03 1.366802e+00
5.873000e+03 1.412747e+00
5.950000e+03 1.460253e+00
6.027000e+03 1.508766e+00
6.106000e+03 1.559545e+00
6.186000e+03 1.612101e+00
6.267000e+03 1.666392e+00
6.349000e+03 1.722564e+00
6.432000e+03 1.780565e+00
6.516000e+03 1.840561e+00
6.601000e+03 1.902486e+00
6.687000e+03 1.966462e+00
6.774000e+03 2.032614e+00
6.863000e+03 2.101676e+00
6.952000e+03 2.172231e+00
7.043000e+03 2.245843e+00
7.135000e+03 2.321843e+00
7.229000e+03 2.401171e+00
7.323000e+03 2.482271e+00
7.419000e+03 2.566755e+00
7.516000e+03 2.654085e+00
7.614000e+03 2.743981e+00
7.713000e+03 2.836954e+00
7.814000e+03 2.933760e+00
7.916000e+03 3.033522e+00
8.019000e+03 3.136558e+00
8.124000e+03 3.243917e+00
8.230000e+03 3.354566e+00
8.338000e+03 3.469740e+00
8.447000e+03 3.588605e+00
8.557000e+03 3.711108e+00
8.669000e+03 3.838513e+00
8.782000e+03 3.969755e+00
8.897000e+03 4.106300e+00
9.013000e+03 4.247276e+00
9.131000e+03 4.393665e+00
9.250000e+03 4.544857e+00
9.371000e+03 4.701587e+00
9.494000e+03 4.864723e+00
9.618000e+03 5.032648e+00
9.743000e+03 5.205580e+00
9.900580e+03 5.423860e+00
1.006070e+04 5.650862e+00
1.020670e+04 5.862773e+00
1.020690e+04 2.274202e+00
1.022340e+04 2.284584e+00
1.038880e+04 2.390226e+00
1.055680e+04 2.500729e+00
1.072760e+04 2.616362e+00
1.090110e+04 2.737325e+00
1.107740e+04 2.863876e+00
1.125660e+04 2.996291e+00
1.143860e+04 3.134800e+00
1.154390e+04 3.216750e+00
1.154410e+04 2.297301e+00
1.162360e+04 2.340021e+00
1.181170e+04 2.442987e+00
1.200270e+04 2.550479e+00
1.209970e+04 2.606180e+00
1.209990e+04 2.271998e+00
1.219680e+04 2.318118e+00
1.239410e+04 2.413752e+00
1.259460e+04 2.513604e+00
1.279830e+04 2.617913e+00
1.300530e+04 2.726860e+00
1.321560e+04 2.840658e+00
1.342940e+04 2.959520e+00
1.364660e+04 3.083682e+00
1.386730e+04 3.213373e+00
1.409160e+04 3.348844e+00
1.431950e+04 3.490345e+00
1.455110e+04 3.638160e+00
1.478650e+04 3.792581e+00
1.502560e+04 3.953863e+00
1.526870e+04 4.122381e+00
1.551560e+04 4.298384e+00
1.576660e+04 4.482274e+00
1.602160e+04 4.674369e+00
1.628070e+04 4.875034e+00
1.654410e+04 5.084706e+00
1.681160e+04 5.303695e+00
1.708360e+04 5.532544e+00
1.735990e+04 5.771587e+00
1.764060e+04 6.021304e+00
1.792600e+04 6.282254e+00
1.821590e+04 6.554852e+00
1.851050e+04 6.839646e+00
1.880990e+04 7.137221e+00
1.911420e+04 7.448140e+00
1.942330e+04 7.772952e+00
1.973750e+04 8.112360e+00
2.005670e+04 8.466939e+00
2.038110e+04 8.837443e+00
2.071080e+04 9.224573e+00
2.104570e+04 9.629003e+00
2.138610e+04 1.005164e+01
2.173200e+04 1.049320e+01
2.208350e+04 1.095460e+01
2.244070e+04 1.143671e+01
2.280370e+04 1.194050e+01
2.317250e+04 1.246684e+01
2.354730e+04 1.301683e+01
2.392820e+04 1.359155e+01
2.431520e+04 1.419208e+01
2.470850e+04 1.481958e+01
2.510810e+04 1.547526e+01
2.551420e+04 1.616040e+01
2.592690e+04 1.687636e+01
2.634620e+04 1.762445e+01
2.677240e+04 1.840626e+01
2.720540e+04 1.922316e+01
2.764540e+04 2.007681e+01
2.809260e+04 2.096890e+01
2.854690e+04 2.190103e+01
2.900870e+04 2.287519e+01
2.947790e+04 2.389315e+01
2.995460e+04 2.495686e+01
3.000000e+04 2.505963e+01
