# material=Zn density=7.14
# Photon Energy [eV]  Attenuation Length [um]
1.000000e+01 9.820725e-03
1.016170e+01 1.043915e-02
1.032610e+01 1.109658e-02
1.049310e+01 1.179541e-02
1.066280e+01 1.253822e-02
1.083530e+01 1.332792e-02
1.101060e+01 1.416727e-02
1.118860e+01 1.491655e-02
1.136960e+01 1.568709e-02
1.155350e+01 1.649749e-02
1.174040e+01 1.734963e-02
1.193030e+01 1.833197e-02
1.212320e+01 1.942325e-02
1.231930e+01 2.057952e-02
1.251860e+01 2.098039e-02
1.272100e+01 2.129288e-02
1.292680e+01 2.160463e-02
1.313590e+01 2.175055e-02
1.334830e+01 2.189739e-02
1.356420e+01 2.204525e-02
1.378360e+01 2.219931e-02
1.400660e+01 2.235733e-02
1.423310e+01 2.251614e-02
1.446330e+01 2.267631e-02
1.469730e+01 2.283776e-02
1.493500e+01 2.300010e-02
1.517650e+01 2.316359e-02
1.542200e+01 2.332845e-02
1.567140e+01 2.349430e-02
1.592490e+01 2.366154e-02
1.618250e+01 2.353934e-02
1.644420e+01 2.339984e-02
1.671020e+01 2.326124e-02
1.698050e+01 2.312341e-02
1.725510e+01 2.298620e-02
1.753420e+01 2.285003e-02
1.781780e+01 2.271461e-02
1.810600e+01 2.258009e-02
1.839890e+01 2.244633e-02
1.869640e+01 2.231311e-02
1.899880e+01 2.218093e-02
1.930610e+01 2.204945e-02
1.961840e+01 2.191891e-02
1.993570e+01 2.178889e-02
2.025820e+01 2.159199e-02
2.058580e+01 2.139358e-02
2.091880e+01 2.119707e-02
2.125710e+01 2.100221e-02
2.160090e+01 2.080925e-02
2.195030e+01 2.061803e-02
2.230530e+01 2.042863e-02
2.266610e+01 2.024100e-02
2.303270e+01 2.005495e-02
2.340530e+01 1.987074e-02
2.378380e+01 1.968818e-02
2.416850e+01 1.950728e-02
2.455940e+01 1.932806e-02
2.495660e+01 1.915044e-02
2.536030e+01 1.897453e-02
2.577050e+01 1.880020e-02
2.618730e+01 1.862749e-02
2.661090e+01 1.844962e-02
2.704130e+01 1.827327e-02
2.747860e+01 1.809850e-02
2.792310e+01 1.792552e-02
2.837470e+01 1.775414e-02
2.883370e+01 1.758446e-02
2.930000e+01 1.741631e-02
2.977390e+01 1.724981e-02
3.025550e+01 1.708488e-02
3.074490e+01 1.692162e-02
3.124210e+01 1.675981e-02
3.174750e+01 1.659960e-02
3.226090e+01 1.644087e-02
3.278270e+01 1.628371e-02
3.331300e+01 1.612806e-02
3.385180e+01 1.600493e-02
3.439930e+01 1.591328e-02
3.495570e+01 1.582219e-02
3.552110e+01 1.573163e-02
3.609560e+01 1.564157e-02
3.667940e+01 1.555199e-02
3.727270e+01 1.546297e-02
3.787550e+01 1.537445e-02
3.848820e+01 1.528645e-02
3.911070e+01 1.519895e-02
3.974320e+01 1.511189e-02
4.038610e+01 1.502541e-02
4.103930e+01 1.493939e-02
4.170310e+01 1.485387e-02
4.237760e+01 1.476883e-02
4.306300e+01 1.468426e-02
4.375950e+01 1.460020e-02
4.446730e+01 1.456054e-02
4.518650e+01 1.462109e-02
4.591740e+01 1.468194e-02
4.666000e+01 1.474300e-02
4.741470e+01 1.480434e-02
4.818160e+01 1.486591e-02
4.896090e+01 1.492775e-02
4.975280e+01 1.498987e-02
5.055760e+01 1.505226e-02
5.137530e+01 1.511486e-02
5.220620e+01 1.517772e-02
5.305060e+01 1.524089e-02
5.390870e+01 1.530429e-02
5.478060e+01 1.536795e-02
5.566670e+01 1.543191e-02
5.656700e+01 1.549610e-02
5.748200e+01 1.556058e-02
5.841170e+01 1.562531e-02
5.935640e+01 1.571449e-02
6.031650e+01 1.583409e-02
6.129210e+01 1.595459e-02
6.228340e+01 1.607598e-02
6.329080e+01 1.619833e-02
6.431450e+01 1.632161e-02
6.535470e+01 1.644579e-02
6.641180e+01 1.657097e-02
6.748590e+01 1.669706e-02
6.857750e+01 1.682412e-02
6.968670e+01 1.695216e-02
7.081380e+01 1.708116e-02
7.195910e+01 1.721112e-02
7.312300e+01 1.734211e-02
7.430570e+01 1.747434e-02
7.550760e+01 1.762802e-02
7.672890e+01 1.778303e-02
7.796990e+01 1.793938e-02
7.923100e+01 1.809713e-02
8.051250e+01 1.825625e-02
8.181470e+01 1.841679e-02
8.313800e+01 1.857872e-02
8.448270e+01 1.874126e-02
8.584910e+01 1.885575e-02
8.723770e+01 1.897105e-02
8.864870e+01 1.908685e-02
9.008250e+01 1.920354e-02
9.153950e+01 1.932079e-02
9.302010e+01 1.943880e-02
9.452460e+01 1.955758e-02
9.605350e+01 1.967718e-02
9.760710e+01 1.979741e-02
9.918580e+01 1.991831e-02
1.007900e+02 2.004007e-02
1.024200e+02 2.016234e-02
1.040770e+02 2.028566e-02
1.057600e+02 2.040958e-02
1.074710e+02 2.054725e-02
1.092090e+02 2.073386e-02
1.109750e+02 2.092190e-02
1.127700e+02 2.111186e-02
1.145940e+02 2.130347e-02
1.164480e+02 2.149706e-02
1.183310e+02 2.169200e-02
1.202450e+02 2.188896e-02
1.221900e+02 2.208770e-02
1.241660e+02 2.228814e-02
1.261750e+02 2.259120e-02
1.282150e+02 2.300773e-02
1.302890e+02 2.343206e-02
1.323970e+02 2.386421e-02
1.345380e+02 2.430425e-02
1.367140e+02 2.475239e-02
1.389250e+02 2.462774e-02
1.411720e+02 2.434203e-02
1.434560e+02 2.405955e-02
1.457760e+02 2.390987e-02
1.481340e+02 2.427102e-02
1.505300e+02 2.463764e-02
1.529640e+02 2.500969e-02
1.554390e+02 2.538766e-02
1.579530e+02 2.577120e-02
1.605070e+02 2.616026e-02
1.631030e+02 2.655534e-02
1.657420e+02 2.695658e-02
1.684220e+02 2.736384e-02
1.711460e+02 2.777697e-02
1.739150e+02 2.819674e-02
1.767270e+02 2.862259e-02
1.795860e+02 2.905494e-02
1.824910e+02 2.956206e-02
1.854420e+02 3.016535e-02
1.884420e+02 3.078146e-02
1.914890e+02 3.140975e-02
1.945870e+02 3.205097e-02
1.977340e+02 3.270517e-02
2.009320e+02 3.337281e-02
2.041820e+02 3.405420e-02
2.074850e+02 3.474965e-02
2.108400e+02 3.545885e-02
2.142510e+02 3.642676e-02
2.177160e+02 3.753502e-02
2.212370e+02 3.867715e-02
2.248160e+02 3.985428e-02
2.284520e+02 4.106702e-02
2.321470e+02 4.219357e-02
2.359020e+02 4.334908e-02
2.397170e+02 4.453657e-02
2.435950e+02 4.575649e-02
2.475350e+02 4.700967e-02
2.515380e+02 4.829696e-02
2.556070e+02 4.962002e-02
2.597410e+02 5.097895e-02
2.639420e+02 5.237530e-02
2.682110e+02 5.381001e-02
2.725490e+02 5.528354e-02
2.769570e+02 5.679788e-02
2.814370e+02 5.835374e-02
2.859890e+02 5.995192e-02
2.906150e+02 6.159365e-02
2.953150e+02 6.328102e-02
3.000920e+02 6.501434e-02
3.049450e+02 6.687378e-02
3.098780e+02 6.884977e-02
3.148900e+02 7.088407e-02
3.199830e+02 7.297841e-02
3.251580e+02 7.513448e-02
3.304180e+02 7.735463e-02
3.357620e+02 7.964012e-02
3.411920e+02 8.199303e-02
3.467110e+02 8.441572e-02
3.523190e+02 8.690991e-02
3.580170e+02 8.947761e-02
3.638080e+02 9.212146e-02
3.696920e+02 9.484327e-02
3.756720e+02 9.764559e-02
3.817480e+02 1.007265e-01
3.879220e+02 1.043372e-01
3.941970e+02 1.080778e-01
4.005730e+02 1.119524e-01
4.070520e+02 1.159658e-01
4.136350e+02 1.201228e-01
4.203260e+02 1.244294e-01
4.271240e+02 1.288897e-01
4.340320e+02 1.335104e-01
4.410520e+02 1.382964e-01
4.481860e+02 1.432543e-01
4.554350e+02 1.483899e-01
4.628020e+02 1.539643e-01
4.702870e+02 1.602359e-01
4.778940e+02 1.667636e-01
4.856230e+02 1.735565e-01
4.934780e+02 1.806270e-01
5.014590e+02 1.879846e-01
5.095700e+02 1.956426e-01
5.178120e+02 2.036120e-01
5.261870e+02 2.119066e-01
5.346980e+02 2.205390e-01
5.433460e+02 2.295229e-01
5.521340e+02 2.388728e-01
5.610650e+02 2.476413e-01
5.701390e+02 2.567732e-01
5.793610e+02 2.660248e-01
5.887320e+02 2.755384e-01
5.982540e+02 2.853453e-01
6.079300e+02 2.955056e-01
6.177630e+02 3.060250e-01
6.277550e+02 3.169361e-01
6.379080e+02 3.284754e-01
6.482260e+02 3.407990e-01
6.587110e+02 3.538352e-01
6.693650e+02 3.673728e-01
6.801910e+02 3.804848e-01
6.911930e+02 3.932988e-01
7.023720e+02 4.062862e-01
7.137330e+02 4.201456e-01
7.252770e+02 4.347958e-01
7.370080e+02 4.499591e-01
7.489280e+02 4.656449e-01
7.610420e+02 4.818984e-01
7.733510e+02 4.989811e-01
7.858590e+02 5.176060e-01
7.985700e+02 5.377374e-01
8.114860e+02 5.586533e-01
8.246110e+02 5.803859e-01
8.379490e+02 6.029671e-01
8.515020e+02 6.263969e-01
8.652740e+02 6.507241e-01
8.792690e+02 6.759815e-01
8.934910e+02 7.022007e-01
9.079430e+02 7.294428e-01
9.226280e+02 7.577478e-01
9.375510e+02 7.848831e-01
9.527150e+02 8.123857e-01
9.681240e+02 8.402932e-01
9.837830e+02 8.691630e-01
9.996950e+02 8.989373e-01
1.015860e+03 9.296389e-01
1.021700e+03 9.408564e-01
1.021900e+03 1.290968e-01
1.032290e+03 1.313929e-01
1.048990e+03 1.351183e-01
1.065960e+03 1.389484e-01
1.083200e+03 1.428957e-01
1.100720e+03 1.469532e-01
1.118520e+03 1.511229e-01
1.136610e+03 1.554122e-01
1.155000e+03 1.598249e-01
1.173680e+03 1.643613e-01
1.192660e+03 1.690253e-01
1.211950e+03 1.738231e-01
1.231550e+03 1.787576e-01
1.251470e+03 1.844167e-01
1.271720e+03 1.909263e-01
1.292290e+03 1.985285e-01
1.313190e+03 2.064314e-01
1.334430e+03 2.146495e-01
1.356010e+03 2.231918e-01
1.377940e+03 2.320758e-01
1.400230e+03 2.413149e-01
1.422880e+03 2.509233e-01
1.445890e+03 2.609094e-01
1.469280e+03 2.713100e-01
1.493040e+03 2.821421e-01
1.517190e+03 2.934796e-01
1.541730e+03 3.052846e-01
1.566670e+03 3.175656e-01
1.592010e+03 3.303424e-01
1.617760e+03 3.436314e-01
1.643920e+03 3.574540e-01
1.670510e+03 3.718341e-01
1.697530e+03 3.867928e-01
1.724990e+03 4.023545e-01
1.752890e+03 4.188756e-01
1.781240e+03 4.361908e-01
1.810050e+03 4.543075e-01
1.839320e+03 4.731808e-01
1.869070e+03 4.928432e-01
1.899300e+03 5.133246e-01
1.930020e+03 5.346536e-01
1.961240e+03 5.568632e-01
1.992960e+03 5.799864e-01
2.025200e+03 6.038105e-01
2.057950e+03 6.291799e-01
2.091240e+03 6.557112e-01
2.125060e+03 6.834039e-01
2.159430e+03 7.123158e-01
2.194360e+03 7.424978e-01
2.229850e+03 7.740592e-01
2.265920e+03 8.069848e-01
2.302570e+03 8.413619e-01
2.339810e+03 8.773227e-01
2.377660e+03 9.148328e-01
2.416110e+03 9.540304e-01
2.455190e+03 9.949649e-01
2.494900e+03 1.037705e+00
2.535260e+03 1.082355e+00
2.576260e+03 1.128990e+00
2.617930e+03 1.177718e+00
2.660270e+03 1.228544e+00
2.703300e+03 1.281709e+00
2.747030e+03 1.337225e+00
2.791460e+03 1.395198e+00
2.836610e+03 1.455741e+00
2.882490e+03 1.519001e+00
2.929110e+03 1.585084e+00
2.976480e+03 1.654109e+00
3.024630e+03 1.726215e+00
3.073550e+03 1.801548e+00
3.123260e+03 1.880246e+00
3.173780e+03 1.962470e+00
3.225110e+03 2.048346e+00
3.277270e+03 2.138074e+00
3.330280e+03 2.231822e+00
3.384150e+03 2.329744e+00
3.438880e+03 2.432039e+00
3.494500e+03 2.538933e+00
3.551020e+03 2.650608e+00
3.608460e+03 2.767312e+00
3.666820e+03 2.889205e+00
3.726130e+03 3.016578e+00
3.786400e+03 3.149692e+00
3.847640e+03 3.288776e+00
3.909870e+03 3.434084e+00
3.973110e+03 3.585997e+00
4.037380e+03 3.744638e+00
4.102680e+03 3.910496e+00
4.169030e+03 4.083771e+00
4.236460e+03 4.264865e+00
4.304980e+03 4.454067e+00
4.374620e+03 4.651961e+00
4.445370e+03 4.858653e+00
4.517270e+03 5.074663e+00
4.590330e+03 5.300584e+00
4.664580e+03 5.536534e+00
4.740030e+03 5.783335e+00
4.816690e+03 6.041180e+00
4.894600e+03 6.310758e+00
4.973770e+03 6.592516e+00
5.054210e+03 6.886986e+00
5.135960e+03 7.195094e+00
5.219030e+03 7.517153e+00
5.303440e+03 7.853908e+00
5.389220e+03 8.205955e+00
5.476390e+03 8.574312e+00
5.564970e+03 8.959136e+00
5.654980e+03 9.361436e+00
5.746440e+03 9.782497e+00
5.839390e+03 1.022308e+01
5.933830e+03 1.068363e+01
6.029810e+03 1.116532e+01
6.127330e+03 1.166916e+01
6.226440e+03 1.219678e+01
6.327150e+03 1.274828e+01
6.429480e+03 1.332493e+01
6.533480e+03 1.392926e+01
6.639150e+03 1.456124e+01
6.746540e+03 1.522272e+01
6.855650e+03 1.591495e+01
6.966540e+03 1.663966e+01
7.079220e+03 1.739827e+01
7.193720e+03 1.819261e+01
7.310070e+03 1.902423e+01
7.428310e+03 1.989518e+01
7.548450e+03 2.080733e+01
7.670540e+03 2.176252e+01
7.794610e+03 2.276316e+01
7.920680e+03 2.381171e+01
8.048790e+03 2.491056e+01
8.178980e+03 2.606189e+01
8.311260e+03 2.726871e+01
8.445690e+03 2.853348e+01
8.582290e+03 2.985994e+01
8.721110e+03 3.125098e+01
8.862160e+03 3.270954e+01
9.005500e+03 3.423920e+01
9.151160e+03 3.584463e+01
9.299170e+03 3.752955e+01
9.449580e+03 3.929790e+01
9.602420e+03 4.115394e+01
9.658500e+03 4.184906e+01
9.658700e+03 5.402766e+00
9.757730e+03 5.542554e+00
9.915550e+03 5.769825e+00
1.007590e+04 6.006832e+00
1.023890e+04 6.254786e+00
1.040450e+04 6.514117e+00
1.057280e+04 6.785417e+00
1.074380e+04 7.069195e+00
1.091760e+04 7.366111e+00
1.109420e+04 7.676691e+00
1.127360e+04 8.001595e+00
1.145590e+04 8.341505e+00
1.164120e+04 8.697159e+00
1.182950e+04 9.069306e+00
1.202080e+04 9.458634e+00
1.221530e+04 9.866111e+00
1.241280e+04 1.029235e+01
1.261360e+04 1.073845e+01
1.281760e+04 1.120527e+01
1.302500e+04 1.169388e+01
1.323560e+04 1.220509e+01
1.344970e+04 1.274024e+01
1.366720e+04 1.330026e+01
1.388830e+04 1.388645e+01
1.411290e+04 1.450000e+01
1.434120e+04 1.514226e+01
1.457310e+04 1.581449e+01
1.480890e+04 1.651831e+01
1.504840e+04 1.725499e+01
1.529180e+04 1.802628e+01
1.553910e+04 1.883373e+01
1.579040e+04 1.967910e+01
1.604580e+04 2.056424e+01
1.630540e+04 2.149119e+01
1.656910e+04 2.246160e+01
1.683710e+04 2.347783e+01
1.710940e+04 2.454179e+01
1.738610e+04 2.565612e+01
1.766740e+04 2.682323e+01
1.795310e+04 2.804520e+01
1.824350e+04 2.932518e+01
1.853860e+04 3.066584e+01
1.883840e+04 3.206970e+01
1.914310e+04 3.354047e+01
1.945270e+04 3.508069e+01
1.976740e+04 3.669447e+01
2.008710e+04 3.838439e+01
2.041200e+04 4.015498e+01
2.074210e+04 4.200964e+01
2.107760e+04 4.395307e+01
2.141850e+04 4.598857e+01
2.176500e+04 4.812146e+01
2.211700e+04 5.035586e+01
2.247470e+04 5.269694e+01
2.283820e+04 5.514998e+01
2.320760e+04 5.772030e+01
2.358300e+04 6.041363e+01
2.396440e+04 6.323570e+01
2.435200e+04 6.619303e+01
2.474590e+04 6.929211e+01
2.514620e+04 7.253995e+01
2.555290e+04 7.594337e+01
2.596620e+04 7.951032e+01
2.638610e+04 8.324836e+01
2.681290e+04 8.716652e+01
2.724660e+04 9.127309e+01
2.768730e+04 9.557710e+01
2.813510e+04 1.000885e+02
2.859020e+04 1.048175e+02
2.905260e+04 1.097741e+02
2.952250e+04 1.149700e+02
3.000000e+04 1.204167e+02
