# material=Zr density=6.511
# Photon Energy [eV]  Attenuation Length [um]
1.000000e+00 1.779886e-02
1.014860e+00 1.773652e-02
1.029940e+00 1.767435e-02
1.045240e+00 1.761229e-02
1.060770e+00 1.755058e-02
1.076530e+00 1.748533e-02
1.092520e+00 1.741758e-02
1.108750e+00 1.735025e-02
1.125230e+00 1.728321e-02
1.141950e+00 1.721638e-02
1.158910e+00 1.714973e-02
1.176130e+00 1.708346e-02
1.193600e+00 1.701732e-02
1.211340e+00 1.695158e-02
1.229340e+00 1.688601e-02
1.247600e+00 1.682068e-02
1.266140e+00 1.675568e-02
1.284950e+00 1.669088e-02
1.304040e+00 1.659989e-02
1.323410e+00 1.645780e-02
1.343080e+00 1.631711e-02
1.363030e+00 1.617745e-02
1.383280e+00 1.603901e-02
1.403830e+00 1.590177e-02
1.424690e+00 1.576577e-02
1.445860e+00 1.563093e-02
1.467340e+00 1.549718e-02
1.489140e+00 1.536461e-02
1.511270e+00 1.523319e-02
1.533720e+00 1.510285e-02
1.556510e+00 1.497365e-02
1.579630e+00 1.484550e-02
1.603100e+00 1.471851e-02
1.626920e+00 1.459656e-02
1.651090e+00 1.447634e-02
1.675620e+00 1.435716e-02
1.700520e+00 1.423900e-02
1.725780e+00 1.412175e-02
1.751420e+00 1.400550e-02
1.777440e+00 1.389017e-02
1.803850e+00 1.377584e-02
1.830650e+00 1.366241e-02
1.857850e+00 1.354996e-02
1.885460e+00 1.343844e-02
1.913470e+00 1.332778e-02
1.941900e+00 1.321807e-02
1.970750e+00 1.310925e-02
2.000030e+00 1.301841e-02
2.029740e+00 1.293790e-02
2.059900e+00 1.285794e-02
2.090510e+00 1.277852e-02
2.121570e+00 1.269953e-02
2.153090e+00 1.262103e-02
2.185080e+00 1.254302e-02
2.217540e+00 1.246549e-02
2.250490e+00 1.238845e-02
2.283920e+00 1.231184e-02
2.317860e+00 1.223580e-02
2.352290e+00 1.216013e-02
2.387240e+00 1.208498e-02
2.422710e+00 1.201030e-02
2.458710e+00 1.195456e-02
2.495240e+00 1.192238e-02
2.532310e+00 1.189027e-02
2.569930e+00 1.185824e-02
2.608120e+00 1.182636e-02
2.646870e+00 1.179453e-02
2.686190e+00 1.176274e-02
2.726100e+00 1.173108e-02
2.766600e+00 1.169948e-02
2.807710e+00 1.166801e-02
2.849420e+00 1.163657e-02
2.891760e+00 1.160528e-02
2.934720e+00 1.157402e-02
2.978330e+00 1.154289e-02
3.022580e+00 1.151182e-02
3.067480e+00 1.148079e-02
3.113060e+00 1.144990e-02
3.159310e+00 1.141908e-02
3.206250e+00 1.138834e-02
3.253890e+00 1.135768e-02
3.302230e+00 1.132711e-02
3.351290e+00 1.129660e-02
3.401080e+00 1.128685e-02
3.451620e+00 1.128684e-02
3.502900e+00 1.128681e-02
3.554940e+00 1.128682e-02
3.607760e+00 1.128684e-02
3.661360e+00 1.128685e-02
3.715760e+00 1.128683e-02
3.770970e+00 1.128679e-02
3.826990e+00 1.128685e-02
3.883850e+00 1.128678e-02
3.941560e+00 1.128682e-02
4.000120e+00 1.128687e-02
4.059550e+00 1.128679e-02
4.119860e+00 1.128679e-02
4.181070e+00 1.128685e-02
4.243190e+00 1.128681e-02
4.306240e+00 1.128680e-02
4.370220e+00 1.128683e-02
4.435150e+00 1.117717e-02
4.501040e+00 1.102228e-02
4.567910e+00 1.086961e-02
4.635780e+00 1.071909e-02
4.704660e+00 1.057055e-02
4.774560e+00 1.042414e-02
4.845490e+00 1.027978e-02
4.917490e+00 1.013733e-02
4.990550e+00 9.996971e-03
5.064690e+00 9.849030e-03
5.139940e+00 9.673708e-03
5.216310e+00 9.501422e-03
5.293810e+00 9.332280e-03
5.372460e+00 9.166104e-03
5.452280e+00 9.002885e-03
5.533290e+00 8.842571e-03
5.615500e+00 8.685148e-03
5.698930e+00 8.530501e-03
5.783600e+00 8.378611e-03
5.869530e+00 8.229428e-03
5.956740e+00 8.082911e-03
6.045240e+00 7.938983e-03
6.135060e+00 7.797635e-03
6.226210e+00 7.686496e-03
6.318710e+00 7.625808e-03
6.412590e+00 7.565628e-03
6.507870e+00 7.505905e-03
6.604560e+00 7.446632e-03
6.702680e+00 7.387841e-03
6.802270e+00 7.329534e-03
6.903330e+00 7.271674e-03
7.005900e+00 7.214268e-03
7.109990e+00 7.157316e-03
7.215620e+00 7.100809e-03
7.322830e+00 7.044757e-03
7.431630e+00 6.989143e-03
7.542040e+00 6.933963e-03
7.654100e+00 6.896619e-03
7.767820e+00 6.878152e-03
7.883230e+00 6.859721e-03
8.000350e+00 6.841340e-03
8.119220e+00 6.823004e-03
8.239850e+00 6.804737e-03
8.362270e+00 6.786491e-03
8.486510e+00 6.768322e-03
8.612600e+00 6.764119e-03
8.740560e+00 6.795640e-03
8.870420e+00 6.827317e-03
9.002210e+00 6.859129e-03
9.135960e+00 6.891099e-03
9.271700e+00 6.923221e-03
9.409450e+00 6.955494e-03
9.549250e+00 6.987904e-03
9.691130e+00 7.020473e-03
9.835120e+00 7.053194e-03
9.981240e+00 7.095536e-03
1.012950e+01 7.140211e-03
1.028000e+01 7.185177e-03
1.043280e+01 7.230488e-03
1.058780e+01 7.276028e-03
1.074510e+01 7.321863e-03
1.090470e+01 7.367948e-03
1.106670e+01 7.414363e-03
1.123120e+01 7.471069e-03
1.139800e+01 7.550558e-03
1.156740e+01 7.630969e-03
1.173920e+01 7.712170e-03
1.191360e+01 7.794263e-03
1.209070e+01 7.877297e-03
1.227030e+01 7.995796e-03
1.245260e+01 8.126088e-03
1.263760e+01 8.258466e-03
1.282540e+01 8.393067e-03
1.301590e+01 8.529787e-03
1.320930e+01 8.668779e-03
1.340560e+01 8.810055e-03
1.360470e+01 8.969370e-03
1.380690e+01 9.246849e-03
1.401200e+01 9.532836e-03
1.422020e+01 9.827722e-03
1.443150e+01 1.013171e-02
1.464590e+01 1.044508e-02
1.486350e+01 1.076818e-02
1.508430e+01 1.118533e-02
1.530840e+01 1.181884e-02
1.553590e+01 1.248830e-02
1.576670e+01 1.319563e-02
1.600090e+01 1.394301e-02
1.623870e+01 1.473280e-02
1.647990e+01 1.556718e-02
1.672480e+01 1.644896e-02
1.697330e+01 1.738066e-02
1.722540e+01 1.836500e-02
1.748140e+01 1.940528e-02
1.774110e+01 2.050439e-02
1.800470e+01 2.166580e-02
1.827220e+01 2.289294e-02
1.854370e+01 2.418958e-02
1.881920e+01 2.555977e-02
1.909880e+01 2.700749e-02
1.938250e+01 2.853705e-02
1.967050e+01 3.015338e-02
1.996280e+01 3.186138e-02
2.025940e+01 3.366599e-02
2.056040e+01 3.557284e-02
2.086580e+01 3.758763e-02
2.117580e+01 3.971664e-02
2.149050e+01 4.196643e-02
2.180980e+01 4.434339e-02
2.213380e+01 4.672939e-02
2.246260e+01 4.871063e-02
2.279640e+01 5.077581e-02
2.313510e+01 5.292847e-02
2.347880e+01 5.517205e-02
2.382760e+01 5.751135e-02
2.418170e+01 5.994966e-02
2.454090e+01 6.249106e-02
2.490560e+01 6.514049e-02
2.527560e+01 6.661687e-02
2.565110e+01 6.772180e-02
2.603220e+01 6.884477e-02
2.641900e+01 6.329348e-02
2.681150e+01 5.302335e-02
2.720990e+01 2.811473e-02
2.761410e+01 2.004702e-02
2.802440e+01 1.847313e-02
2.844080e+01 1.702288e-02
2.886330e+01 1.593114e-02
2.929220e+01 1.524655e-02
2.972740e+01 1.459134e-02
3.016900e+01 1.396427e-02
3.061730e+01 1.336421e-02
3.107220e+01 1.278990e-02
3.153380e+01 1.212552e-02
3.200230e+01 1.117578e-02
3.247780e+01 1.030040e-02
3.296030e+01 9.493596e-03
3.345000e+01 8.750001e-03
3.394700e+01 8.064631e-03
3.445140e+01 7.432954e-03
3.496320e+01 7.076778e-03
3.548270e+01 7.044504e-03
3.600990e+01 7.012399e-03
3.654490e+01 6.980385e-03
3.708790e+01 7.068450e-03
3.763890e+01 7.165383e-03
3.819810e+01 7.263616e-03
3.876560e+01 7.363203e-03
3.934160e+01 7.527058e-03
3.992610e+01 7.728508e-03
4.051930e+01 7.935372e-03
4.112130e+01 8.147729e-03
4.173230e+01 8.403363e-03
4.235230e+01 8.792545e-03
4.298160e+01 9.199855e-03
4.362020e+01 9.625962e-03
4.426820e+01 1.007176e-02
4.492590e+01 1.075549e-02
4.559340e+01 1.167816e-02
4.627080e+01 1.268003e-02
4.695830e+01 1.376783e-02
4.765600e+01 1.494888e-02
4.836400e+01 1.623134e-02
4.908260e+01 1.762380e-02
4.981180e+01 1.913568e-02
5.055190e+01 2.077728e-02
5.130300e+01 2.255974e-02
5.206520e+01 2.449505e-02
5.283880e+01 2.659646e-02
5.362380e+01 2.887807e-02
5.442050e+01 3.143832e-02
5.522910e+01 3.439919e-02
5.604960e+01 3.763883e-02
5.688240e+01 4.118360e-02
5.772750e+01 4.506211e-02
5.858520e+01 4.930600e-02
5.945560e+01 5.394947e-02
6.033900e+01 5.903032e-02
6.123540e+01 6.458961e-02
6.214520e+01 7.067268e-02
6.306860e+01 7.732846e-02
6.400560e+01 8.461110e-02
6.495660e+01 9.257977e-02
6.592160e+01 1.012986e-01
6.690110e+01 1.108386e-01
6.789500e+01 1.212771e-01
6.890380e+01 1.326992e-01
6.992750e+01 1.414638e-01
7.096650e+01 1.502444e-01
7.202080e+01 1.595687e-01
7.309090e+01 1.694717e-01
7.417680e+01 1.799902e-01
7.527890e+01 1.911613e-01
7.639730e+01 2.030257e-01
7.753240e+01 2.128040e-01
7.868430e+01 2.211803e-01
7.985340e+01 2.298874e-01
8.103980e+01 2.389346e-01
8.224380e+01 2.440839e-01
8.346580e+01 2.492525e-01
8.470580e+01 2.545307e-01
8.596440e+01 2.599194e-01
8.724160e+01 2.654250e-01
8.853770e+01 2.710974e-01
8.985320e+01 2.768900e-01
9.118820e+01 2.828073e-01
9.254300e+01 2.888521e-01
9.391790e+01 2.950242e-01
9.531330e+01 3.008980e-01
9.672940e+01 3.024549e-01
9.816660e+01 3.040194e-01
9.962510e+01 3.055915e-01
1.011050e+02 3.071709e-01
1.026070e+02 3.082159e-01
1.041320e+02 3.062459e-01
1.056790e+02 3.042859e-01
1.072490e+02 3.023379e-01
1.088430e+02 3.004042e-01
1.104600e+02 2.984811e-01
1.121010e+02 2.968325e-01
1.137660e+02 2.962350e-01
1.154570e+02 2.956418e-01
1.171720e+02 2.950480e-01
1.189130e+02 2.959471e-01
1.206800e+02 2.971991e-01
1.224730e+02 2.984579e-01
1.242920e+02 2.997186e-01
1.261390e+02 3.009876e-01
1.280130e+02 3.022619e-01
1.299150e+02 3.035412e-01
1.318450e+02 3.048249e-01
1.338040e+02 3.060599e-01
1.357920e+02 3.071342e-01
1.378100e+02 3.082145e-01
1.398570e+02 3.092960e-01
1.419350e+02 3.103827e-01
1.440440e+02 3.114739e-01
1.461840e+02 3.125672e-01
1.483560e+02 3.136661e-01
1.505600e+02 3.147681e-01
1.527970e+02 3.158728e-01
1.550670e+02 3.173713e-01
1.573710e+02 3.191947e-01
1.597090e+02 3.210288e-01
1.620820e+02 3.228748e-01
1.644900e+02 3.247302e-01
1.669340e+02 3.265980e-01
1.694140e+02 3.284738e-01
1.719310e+02 3.303624e-01
1.744860e+02 3.322632e-01
1.762930e+02 3.335960e-01
1.787760e+02 2.766933e-01
1.814320e+02 2.768316e-01
1.841280e+02 2.769699e-01
1.868630e+02 2.499157e-01
1.896400e+02 2.219208e-01
1.924570e+02 1.998835e-01
1.953170e+02 1.875896e-01
1.982190e+02 1.760516e-01
2.011640e+02 1.466412e-01
2.041520e+02 1.202771e-01
2.071860e+02 9.865371e-02
2.102640e+02 8.671411e-02
2.133880e+02 7.996777e-02
2.165580e+02 7.757791e-02
2.197760e+02 7.525999e-02
2.230410e+02 7.301067e-02
2.263550e+02 7.026298e-02
2.297180e+02 6.723501e-02
2.331310e+02 6.433829e-02
2.365950e+02 6.111273e-02
2.401100e+02 5.789819e-02
2.436770e+02 5.653387e-02
2.472980e+02 5.629945e-02
2.509720e+02 5.606555e-02
2.547010e+02 5.560183e-02
2.584850e+02 5.511011e-02
2.623250e+02 5.462276e-02
2.662230e+02 5.416548e-02
2.701780e+02 5.426157e-02
2.741920e+02 5.435818e-02
2.782660e+02 5.445479e-02
2.824000e+02 5.490719e-02
2.865960e+02 5.542718e-02
2.908540e+02 5.595232e-02
2.951750e+02 5.644796e-02
2.995610e+02 5.621825e-02
3.040120e+02 5.598910e-02
3.085290e+02 5.576121e-02
3.131120e+02 5.603802e-02
3.177640e+02 5.642896e-02
3.224860e+02 5.682290e-02
3.272770e+02 5.602396e-02
3.321390e+02 5.485171e-02
3.370740e+02 5.370431e-02
3.420820e+02 5.258091e-02
3.471650e+02 5.327097e-02
3.523230e+02 5.446253e-02
3.575570e+02 5.568058e-02
3.628700e+02 5.692622e-02
3.682610e+02 5.819946e-02
3.737320e+02 5.950100e-02
3.792850e+02 6.032594e-02
3.849200e+02 6.096853e-02
3.906390e+02 6.161818e-02
3.964430e+02 6.227465e-02
4.023330e+02 6.293827e-02
4.083110e+02 6.381915e-02
4.143770e+02 6.479830e-02
4.205340e+02 6.579231e-02
4.267820e+02 6.680182e-02
4.331230e+02 6.782655e-02
4.395580e+02 6.886698e-02
4.460880e+02 7.035553e-02
4.527160e+02 7.202454e-02
4.594420e+02 7.373336e-02
4.662680e+02 7.548227e-02
4.731960e+02 7.723886e-02
4.802260e+02 7.895769e-02
4.873610e+02 8.071514e-02
4.946020e+02 8.251154e-02
5.019510e+02 8.434822e-02
5.094090e+02 8.622508e-02
5.169770e+02 8.814418e-02
5.246580e+02 9.010623e-02
5.324530e+02 9.211156e-02
5.403640e+02 9.424697e-02
5.483920e+02 9.709677e-02
5.565400e+02 1.000332e-01
5.648090e+02 1.030583e-01
5.732000e+02 1.061744e-01
5.817170e+02 1.093853e-01
5.903590e+02 1.126925e-01
5.991310e+02 1.161002e-01
6.080320e+02 1.196114e-01
6.170660e+02 1.232284e-01
6.262340e+02 1.269545e-01
6.355380e+02 1.307933e-01
6.449810e+02 1.346940e-01
6.545640e+02 1.386961e-01
6.642890e+02 1.428163e-01
6.741580e+02 1.470584e-01
6.841740e+02 1.514279e-01
6.943400e+02 1.559261e-01
7.046560e+02 1.605591e-01
7.151250e+02 1.653284e-01
7.257500e+02 1.702400e-01
7.365330e+02 1.752974e-01
7.474760e+02 1.805057e-01
7.585810e+02 1.858674e-01
7.698520e+02 1.915641e-01
7.812900e+02 1.976376e-01
7.928980e+02 2.039031e-01
8.046780e+02 2.103673e-01
8.166340e+02 2.170359e-01
8.287670e+02 2.239156e-01
8.410800e+02 2.310140e-01
8.535760e+02 2.383571e-01
8.662580e+02 2.470516e-01
8.791290e+02 2.560608e-01
8.921900e+02 2.654024e-01
9.054460e+02 2.750820e-01
9.188980e+02 2.851160e-01
9.325510e+02 2.955156e-01
9.464060e+02 3.056633e-01
9.604670e+02 3.160261e-01
9.747370e+02 3.267379e-01
9.892190e+02 3.378141e-01
1.003920e+03 3.492679e-01
1.018830e+03 3.611062e-01
1.033970e+03 3.736324e-01
1.049330e+03 3.878456e-01
1.064920e+03 4.026001e-01
1.080740e+03 4.179154e-01
1.096800e+03 4.325376e-01
1.113100e+03 4.469046e-01
1.129630e+03 4.617436e-01
1.146420e+03 4.770811e-01
1.163450e+03 4.937540e-01
1.180740e+03 5.111784e-01
1.198280e+03 5.292143e-01
1.216080e+03 5.494010e-01
1.234150e+03 5.718242e-01
1.252490e+03 5.951635e-01
1.271100e+03 6.197952e-01
1.289980e+03 6.468884e-01
1.309150e+03 6.751698e-01
1.328600e+03 7.039590e-01
1.348340e+03 7.290352e-01
1.368370e+03 7.550085e-01
1.388700e+03 7.819135e-01
1.409330e+03 8.097857e-01
1.430270e+03 8.386511e-01
1.451520e+03 8.685220e-01
1.473090e+03 8.995093e-01
1.494970e+03 9.316284e-01
1.517180e+03 9.650986e-01
1.539730e+03 9.997934e-01
1.562600e+03 1.035744e+00
1.585820e+03 1.072996e+00
1.609380e+03 1.111585e+00
1.633290e+03 1.151514e+00
1.657560e+03 1.192904e+00
1.682180e+03 1.235810e+00
1.707180e+03 1.280223e+00
1.732540e+03 1.326253e+00
1.758280e+03 1.374334e+00
1.784410e+03 1.424249e+00
1.810920e+03 1.476065e+00
1.837820e+03 1.529775e+00
1.865130e+03 1.585449e+00
1.892840e+03 1.643118e+00
1.920960e+03 1.702886e+00
1.949500e+03 1.764832e+00
1.978470e+03 1.829047e+00
2.000000e+03 1.877651e+00
2.026000e+03 1.936582e+00
2.052000e+03 1.997797e+00
2.079000e+03 2.062649e+00
2.106000e+03 2.128836e+00
2.134000e+03 2.198883e+00
2.161000e+03 2.267782e+00
2.190000e+03 2.343350e+00
2.218000e+03 2.417795e+00
2.222200e+03 2.429085e+00
2.222400e+03 6.436284e-01
2.247000e+03 6.632075e-01
2.277000e+03 6.875804e-01
2.306000e+03 7.116732e-01
2.306600e+03 7.121753e-01
2.306800e+03 5.172018e-01
2.337000e+03 5.334454e-01
2.367000e+03 5.498683e-01
2.398000e+03 5.671283e-01
2.429000e+03 5.847059e-01
2.461000e+03 6.031670e-01
2.493000e+03 6.219752e-01
2.526000e+03 6.417004e-01
2.531500e+03 6.450268e-01
2.531700e+03 5.647813e-01
2.559000e+03 5.794989e-01
2.592000e+03 5.975800e-01
2.626000e+03 6.166310e-01
2.660000e+03 6.361222e-01
2.695000e+03 6.566271e-01
2.730000e+03 6.776006e-01
2.766000e+03 6.996747e-01
2.802000e+03 7.222466e-01
2.839000e+03 7.459613e-01
2.876000e+03 7.702041e-01
2.914000e+03 7.957024e-01
2.952000e+03 8.217615e-01
2.990000e+03 8.483627e-01
3.029000e+03 8.763433e-01
3.069000e+03 9.056381e-01
3.109000e+03 9.356523e-01
3.150000e+03 9.670554e-01
3.191000e+03 9.992116e-01
3.232000e+03 1.032114e+00
3.275000e+03 1.067333e+00
3.317000e+03 1.102584e+00
3.361000e+03 1.140322e+00
3.405000e+03 1.178834e+00
3.449000e+03 1.218297e+00
3.494000e+03 1.259667e+00
3.540000e+03 1.302728e+00
3.586000e+03 1.346944e+00
3.633000e+03 1.393003e+00
3.680000e+03 1.440159e+00
3.729000e+03 1.490476e+00
3.777000e+03 1.540871e+00
3.827000e+03 1.594562e+00
3.877000e+03 1.649485e+00
3.927000e+03 1.705652e+00
3.979000e+03 1.765393e+00
4.031000e+03 1.826512e+00
4.083000e+03 1.889034e+00
4.137000e+03 1.955419e+00
4.191000e+03 2.023328e+00
4.245000e+03 2.092807e+00
4.301000e+03 2.166495e+00
4.357000e+03 2.241861e+00
4.414000e+03 2.320337e+00
4.472000e+03 2.402031e+00
4.530000e+03 2.485572e+00
4.589000e+03 2.572506e+00
4.649000e+03 2.662920e+00
4.710000e+03 2.756996e+00
4.771000e+03 2.853191e+00
4.834000e+03 2.954857e+00
4.897000e+03 3.058846e+00
4.961000e+03 3.166898e+00
5.026000e+03 3.279145e+00
5.091000e+03 3.393999e+00
5.158000e+03 3.515108e+00
5.225000e+03 3.639043e+00
5.294000e+03 3.769538e+00
5.363000e+03 3.903082e+00
5.433000e+03 4.041645e+00
5.504000e+03 4.185500e+00
5.576000e+03 4.334701e+00
5.649000e+03 4.489414e+00
5.722000e+03 4.647841e+00
5.797000e+03 4.814219e+00
5.873000e+03 4.986639e+00
5.950000e+03 5.165434e+00
6.027000e+03 5.348376e+00
6.106000e+03 5.540348e+00
6.186000e+03 5.739330e+00
6.267000e+03 5.945277e+00
6.349000e+03 6.158908e+00
6.432000e+03 6.379968e+00
6.516000e+03 6.608665e+00
6.601000e+03 6.845789e+00
6.687000e+03 7.091069e+00
6.774000e+03 7.344734e+00
6.863000e+03 7.610427e+00
6.952000e+03 7.882306e+00
7.043000e+03 8.166468e+00
7.135000e+03 8.460686e+00
7.229000e+03 8.767911e+00
7.323000e+03 9.082656e+00
7.419000e+03 9.411016e+00
7.516000e+03 9.751016e+00
7.614000e+03 1.010254e+01
7.713000e+03 1.046532e+01
7.814000e+03 1.084440e+01
7.916000e+03 1.123553e+01
8.019000e+03 1.164004e+01
8.124000e+03 1.206239e+01
8.230000e+03 1.249823e+01
8.338000e+03 1.295255e+01
8.447000e+03 1.342119e+01
8.557000e+03 1.390607e+01
8.669000e+03 1.441108e+01
8.782000e+03 1.493226e+01
8.897000e+03 1.547456e+01
9.013000e+03 1.603448e+01
9.131000e+03 1.661742e+01
9.250000e+03 1.721883e+01
9.371000e+03 1.784474e+01
9.494000e+03 1.849563e+01
9.618000e+03 1.916718e+01
9.743000e+03 1.985966e+01
9.887760e+03 2.068158e+01
1.003470e+04 2.153798e+01
1.018380e+04 2.243001e+01
1.033510e+04 2.335925e+01
1.048860e+04 2.432729e+01
1.064440e+04 2.533567e+01
1.080260e+04 2.638657e+01
1.096310e+04 2.748122e+01
1.112600e+04 2.862155e+01
1.129130e+04 2.980960e+01
1.145900e+04 3.104725e+01
1.162930e+04 3.233705e+01
1.180210e+04 3.368081e+01
1.197740e+04 3.508072e+01
1.215540e+04 3.653935e+01
1.233600e+04 3.805948e+01
1.251920e+04 3.964260e+01
1.270520e+04 4.129309e+01
1.289400e+04 4.301254e+01
1.308560e+04 4.480446e+01
1.328000e+04 4.667164e+01
1.347730e+04 4.861749e+01
1.367750e+04 5.064518e+01
1.388080e+04 5.275884e+01
1.408700e+04 5.496123e+01
1.429630e+04 5.725677e+01
1.450870e+04 5.964936e+01
1.472430e+04 6.214333e+01
1.494300e+04 6.474248e+01
1.516500e+04 6.745198e+01
1.539030e+04 7.027642e+01
1.561900e+04 7.322116e+01
1.585110e+04 7.629108e+01
1.608660e+04 7.949140e+01
1.632560e+04 8.282821e+01
1.656810e+04 8.630717e+01
1.681430e+04 8.993530e+01
1.706410e+04 9.371822e+01
1.731760e+04 9.766323e+01
1.757490e+04 1.017779e+02
1.783610e+04 1.060697e+02
1.799580e+04 1.087511e+02
1.799600e+04 1.593886e+01
1.810110e+04 1.617648e+01
1.837000e+04 1.679445e+01
1.864290e+04 1.743851e+01
1.891990e+04 1.810977e+01
1.920100e+04 1.880937e+01
1.948630e+04 1.953850e+01
1.977580e+04 2.029843e+01
2.006960e+04 2.109055e+01
2.036780e+04 2.191621e+01
2.067040e+04 2.277681e+01
2.097750e+04 2.367391e+01
2.128920e+04 2.460906e+01
2.160550e+04 2.558391e+01
2.192650e+04 2.660013e+01
2.225230e+04 2.765962e+01
2.258290e+04 2.876415e+01
2.291840e+04 2.991567e+01
2.325890e+04 3.111622e+01
2.360450e+04 3.236801e+01
2.395520e+04 3.367310e+01
2.431110e+04 3.503390e+01
2.467230e+04 3.645294e+01
2.503890e+04 3.793267e+01
2.541090e+04 3.947549e+01
2.578840e+04 4.108442e+01
2.617160e+04 4.276237e+01
2.656040e+04 4.451233e+01
2.695500e+04 4.633701e+01
2.735550e+04 4.824044e+01
2.776190e+04 5.022520e+01
2.817440e+04 5.229564e+01
2.859300e+04 5.445510e+01
2.901780e+04 5.670723e+01
2.944890e+04 5.905647e+01
2.988650e+04 6.150700e+01
3.000000e+04 6.215397e+01
